timestamps,TP9,AF7,AF8,TP10,Right AUX
1641437240.446,40.039,18.066,103.027,119.629,-10.742
1641437240.450,21.973,11.230,236.328,87.402,21.484
1641437240.454,-5.859,6.836,208.496,-26.855,17.578
1641437240.458,15.625,14.160,48.340,-14.160,-35.156
1641437240.462,54.688,21.973,210.938,102.539,12.207
1641437240.466,45.898,18.066,346.680,109.863,35.156
1641437240.470,7.324,13.184,141.602,-12.695,-1.953
1641437240.473,7.812,10.742,-79.102,-37.598,32.227
1641437240.477,39.551,11.719,-105.469,69.336,65.430
1641437240.481,47.852,15.137,370.117,122.070,91.309
1641437240.485,11.719,16.602,508.301,25.391,96.680
1641437240.489,2.441,14.648,246.094,-30.273,66.406
1641437240.489,37.598,16.113,240.234,44.434,70.312
1641437240.493,58.594,18.555,408.203,117.676,110.352
1641437240.497,26.367,22.949,456.055,51.270,122.070
1641437240.501,-2.441,21.484,131.836,-54.688,84.961
1641437240.505,25.391,14.160,66.895,-4.883,57.617
1641437240.509,58.594,11.719,257.324,112.305,49.805
1641437240.513,41.504,16.113,257.324,96.191,70.801
1641437240.516,8.789,23.438,-154.297,-31.738,19.043
1641437240.520,25.879,26.367,-231.445,-29.297,-23.926
1641437240.524,56.641,25.391,329.102,100.098,26.855
1641437240.528,47.363,23.926,400.879,116.699,12.207
1641437240.532,12.695,21.484,152.344,-4.883,-30.762
1641437240.534,10.254,23.438,131.348,-47.363,-11.719
1641437240.538,39.551,24.902,290.039,55.176,36.133
1641437240.542,46.387,22.461,350.586,125.488,37.109
1641437240.546,10.254,16.113,229.980,27.344,44.922
1641437240.550,-2.930,15.137,63.965,-55.664,56.152
1641437240.554,28.320,20.996,34.180,20.020,61.035
1641437240.558,49.805,20.996,-25.879,110.352,42.480
1641437240.561,28.320,21.973,-309.570,52.246,41.016
1641437240.565,2.930,25.879,-171.875,-53.711,62.500
1641437240.569,19.531,24.414,32.715,-14.160,36.621
1641437240.573,53.223,21.973,85.938,93.262,70.312
1641437240.577,41.992,27.344,164.062,83.008,79.590
1641437240.580,7.812,25.391,34.668,-19.531,35.645
1641437240.584,15.625,16.602,-91.797,-24.414,-2.441
1641437240.588,47.363,16.602,-28.809,96.191,4.395
1641437240.592,49.316,19.531,148.438,136.719,66.406
1641437240.596,5.371,20.020,99.121,23.926,60.059
1641437240.600,-7.324,21.484,-178.223,-12.207,15.625
1641437240.604,26.855,19.531,-406.738,78.125,11.719
1641437240.607,41.992,20.020,-152.832,143.555,74.219
1641437240.611,8.301,21.973,48.828,63.477,91.309
1641437240.615,-10.254,20.996,-327.637,-25.879,6.348
1641437240.619,26.367,22.461,-397.949,37.598,-46.875
1641437240.623,56.152,21.973,-35.645,143.066,8.789
1641437240.640,33.203,11.719,77.637,107.422,45.898
1641437240.644,-5.371,6.348,-163.574,-19.043,37.109
1641437240.648,10.742,14.160,-248.047,-1.465,48.340
1641437240.652,48.828,20.996,-52.246,131.348,69.824
1641437240.656,36.621,21.484,78.125,141.113,110.352
1641437240.660,13.672,22.949,-277.832,27.344,52.734
1641437240.664,26.367,21.484,-438.965,17.090,2.441
1641437240.667,39.551,19.043,-44.922,113.281,42.480
1641437240.671,37.598,13.672,70.801,137.695,30.762
1641437240.675,10.254,10.742,-252.441,37.598,-9.277
1641437240.679,2.930,11.230,-400.879,-21.973,39.062
1641437240.683,40.039,6.348,-202.148,64.941,113.770
1641437240.684,57.129,10.742,0.000,144.043,101.562
1641437240.688,20.996,15.625,-126.953,53.711,6.836
1641437240.692,-5.859,16.602,-318.359,-50.293,-27.832
1641437240.696,23.438,24.414,-95.215,3.906,38.086
1641437240.700,57.617,24.902,60.059,104.980,79.102
1641437240.704,43.945,25.391,-27.832,85.449,60.547
1641437240.708,14.160,27.832,-223.145,-20.508,8.789
1641437240.711,28.809,28.320,-160.645,-12.207,26.367
1641437240.715,65.918,31.250,97.656,104.492,132.324
1641437240.719,58.105,29.785,-0.488,114.258,147.949
1641437240.723,11.719,26.367,1.953,-4.883,62.012
1641437240.727,8.301,26.855,121.094,-26.367,69.824
1641437240.745,49.316,29.785,116.699,99.609,83.008
1641437240.749,57.129,31.738,264.160,157.715,66.895
1641437240.753,16.113,29.785,180.176,38.574,95.215
1641437240.757,2.441,26.367,-12.695,-39.551,54.199
1641437240.761,38.574,23.926,-27.832,37.109,19.043
1641437240.765,55.176,26.855,1.953,124.512,56.152
1641437240.769,21.973,27.832,56.152,59.082,39.062
1641437240.772,0.488,19.531,67.383,-55.664,6.348
1641437240.776,20.020,11.719,-172.363,-13.184,-17.090
1641437240.780,45.898,15.137,-212.402,90.820,6.348
1641437240.784,29.785,21.973,149.902,59.082,46.875
1641437240.788,-2.441,21.484,5.371,-69.824,-3.906
1641437240.790,12.207,20.996,-196.289,-70.312,-25.391
1641437240.794,51.758,26.855,-61.523,36.133,17.578
1641437240.798,50.293,21.973,134.277,51.758,99.609
1641437240.802,14.648,17.090,-53.711,-48.828,72.754
1641437240.806,13.672,14.160,-330.566,-84.961,-18.066
1641437240.810,45.410,8.789,-371.582,20.508,-39.062
1641437240.814,60.547,17.090,-238.770,104.004,-24.414
1641437240.817,31.250,24.902,-291.992,18.066,-3.906
1641437240.821,5.371,23.438,-405.273,-62.012,46.387
1641437240.825,30.273,20.996,-227.539,13.672,65.430
1641437240.829,51.270,22.461,-11.719,121.094,62.012
1641437240.833,19.531,21.484,-77.148,77.148,87.402
1641437240.819,-4.883,20.020,-634.277,-37.598,17.090
1641437240.823,16.113,21.973,-559.570,-0.488,13.184
1641437240.827,44.922,17.578,-45.410,104.492,72.754
1641437240.831,39.062,15.137,-41.016,99.121,70.312
1641437240.835,7.324,21.484,-223.145,-12.207,40.527
1641437240.839,10.254,24.414,-423.340,-32.715,1.465
1641437240.843,43.457,24.902,-295.898,74.219,32.715
1641437240.846,41.504,25.391,-86.914,115.234,82.031
1641437240.850,2.441,24.902,-227.051,4.883,42.480
1641437240.854,-3.418,22.461,-269.531,-55.664,12.207
1641437240.858,31.738,22.949,-92.773,41.992,29.785
1641437240.862,48.828,25.879,-182.617,119.629,33.691
1641437240.865,13.672,17.578,-436.523,25.879,34.668
1641437240.869,-4.395,17.090,-259.766,-53.223,44.922
1641437240.873,29.297,24.414,-115.234,20.508,29.785
1641437240.877,53.223,22.949,-66.895,123.535,47.363
1641437240.881,25.879,24.414,71.289,87.891,99.609
1641437240.885,-6.836,29.297,-159.180,-28.809,42.969
1641437240.889,12.695,35.645,-327.148,-0.977,48.828
1641437240.892,54.199,32.227,-285.156,132.324,118.652
1641437240.896,51.270,31.738,-54.688,143.555,110.840
1641437240.900,7.324,30.273,135.742,13.184,128.418
1641437240.904,1.953,23.438,-81.543,-24.414,81.543
1641437240.908,34.180,24.414,-119.141,83.984,19.531
1641437240.910,40.039,29.785,145.508,146.484,77.148
1641437240.914,1.465,33.691,187.988,32.227,88.379
1641437240.918,-5.371,32.227,-160.645,-53.711,11.719
1641437240.922,31.250,32.227,-216.309,33.203,26.367
1641437240.926,46.875,33.203,164.062,123.047,61.035
1641437240.930,16.602,26.855,74.707,51.270,31.250
1641437240.934,-13.672,16.113,-410.156,-52.734,-14.160
1641437240.937,7.324,6.836,-469.238,5.371,-9.766
1641437240.941,37.109,14.648,49.805,118.164,74.219
1641437240.945,22.461,25.879,227.051,98.145,142.578
1641437240.949,-8.301,23.926,-19.043,-13.672,118.164
1641437240.953,3.418,24.414,-107.910,-12.695,79.590
1641437240.971,36.133,25.879,72.754,92.285,104.004
1641437240.975,30.273,23.438,99.609,106.445,86.914
1641437240.979,-5.371,20.996,-161.621,-14.648,73.242
1641437240.983,-4.883,21.484,-155.273,-56.641,86.914
1641437240.987,31.250,19.531,22.461,45.410,68.848
1641437240.991,37.598,16.113,1.465,106.934,80.078
1641437240.995,6.348,17.578,-351.074,3.418,85.449
1641437240.998,-0.977,19.531,-397.461,-70.801,56.152
1641437241.002,29.785,24.902,-103.027,18.066,25.879
1641437241.006,55.176,25.391,-2.441,113.281,22.461
1641437241.010,31.250,22.461,-3.906,55.176,50.293
1641437241.014,0.000,25.879,-51.270,-53.711,58.105
1641437241.015,23.926,25.391,-0.977,-4.395,72.754
1641437241.019,60.547,19.043,48.828,114.258,68.359
1641437241.023,41.504,18.066,50.781,110.840,78.125
1641437241.027,10.742,28.809,8.301,-2.930,57.129
1641437241.031,19.043,31.738,-131.836,-15.137,17.578
1641437241.035,42.969,24.902,-184.082,108.887,62.012
1641437241.039,39.551,25.391,-107.910,139.160,70.312
1641437241.042,-1.953,25.879,-108.887,13.184,19.043
1641437241.046,-9.766,23.438,-10.742,-40.039,51.758
1641437241.050,20.996,23.926,-154.297,57.617,47.852
1641437241.054,35.156,26.855,-298.828,132.324,10.254
1641437241.058,3.418,21.973,24.902,40.039,29.785
1641437241.060,-11.230,17.578,16.602,-45.898,20.996
1641437241.064,24.902,19.043,-64.941,20.508,62.012
1641437241.068,44.434,22.949,150.391,104.004,117.676
1641437241.072,18.066,29.785,235.840,51.270,139.648
1641437241.076,-20.020,27.832,56.641,-63.965,91.797
1641437241.080,-10.742,23.926,-150.879,-33.691,11.719
1641437241.084,21.484,25.879,-84.473,75.195,13.184
1641437241.087,11.719,27.344,95.703,71.289,58.105
1641437241.091,-26.855,27.344,-13.672,-33.203,7.812
1641437241.095,-20.996,23.438,-441.895,-42.480,-55.176
1641437241.099,21.484,15.625,-299.316,65.430,-0.488
1641437241.103,40.039,11.230,193.359,102.539,44.922
1641437241.105,15.625,13.184,26.367,14.160,4.395
1641437241.109,-8.301,24.902,-151.367,-46.387,-45.898
1641437241.113,16.113,33.691,-51.270,17.578,-35.645
1641437241.117,47.363,30.273,72.754,101.074,-5.371
1641437241.121,25.879,29.785,-127.930,32.227,11.230
1641437241.125,7.324,29.785,-477.051,-62.012,-17.090
1641437241.129,34.180,24.414,-454.590,5.371,-11.230
1641437241.132,59.570,23.438,-85.938,108.398,28.809
1641437241.136,33.203,21.973,-138.672,75.195,52.246
1641437241.140,-0.977,18.555,-513.672,-40.039,43.945
1641437241.144,16.113,22.949,-402.344,-25.391,42.969
1641437241.148,49.316,28.320,-118.652,87.402,39.062
1641437241.150,44.434,28.320,-96.680,84.961,33.691
1641437241.154,13.184,28.809,-221.680,-25.391,39.551
1641437241.158,18.066,27.832,-217.285,-46.387,27.344
1641437241.162,54.199,22.949,-161.133,60.547,5.859
1641437241.166,58.594,24.414,-148.926,116.699,16.113
1641437241.170,18.066,22.949,-267.578,19.531,12.695
1641437241.174,6.836,21.973,-405.762,-41.992,-25.879
1641437241.177,39.062,19.043,-250.977,51.758,14.160
1641437241.181,54.199,15.625,-278.809,142.578,31.738
1641437241.185,22.949,19.043,-289.551,65.430,9.766
1641437241.189,-0.977,22.461,-119.141,-42.480,27.344
1641437241.193,27.344,23.438,-164.062,2.930,60.059
1641437241.196,56.152,24.414,-164.551,102.539,126.465
1641437241.200,34.668,27.832,-112.305,70.801,130.859
1641437241.204,-1.465,26.855,-126.465,-55.664,73.730
1641437241.208,8.301,25.391,-407.715,-61.035,58.594
1641437241.212,45.410,22.461,-350.586,52.734,102.539
1641437241.216,46.875,24.902,-104.492,75.684,98.145
1641437241.220,9.766,17.578,-323.730,-43.457,58.594
1641437241.223,7.812,12.695,-493.164,-79.590,54.688
1641437241.227,47.852,22.461,-276.367,36.621,41.016
1641437241.231,52.734,27.344,4.395,94.238,83.496
1641437241.235,10.742,24.414,-17.578,-8.789,106.934
1641437241.239,-1.953,24.902,-431.152,-70.312,36.133
1641437241.240,32.227,25.879,-442.871,20.996,31.738
1641437241.244,56.152,25.879,48.828,111.328,75.684
1641437241.248,20.020,20.020,35.645,50.293,44.922
1641437241.252,-8.301,17.090,-282.227,-51.270,-14.648
1641437241.256,20.020,16.602,-313.477,2.441,-0.977
1641437241.260,49.805,13.672,-136.719,116.699,41.992
1641437241.264,39.062,24.414,-162.598,94.727,8.789
1641437241.267,0.977,28.809,-597.656,-26.855,-52.734
1641437241.271,8.301,22.461,-645.996,-30.762,-38.574
1641437241.275,44.922,20.020,-45.898,92.773,21.484
1641437241.279,46.387,22.461,60.547,123.535,47.852
1641437241.283,8.789,21.973,-177.734,1.953,14.648
1641437241.285,3.906,19.531,-200.684,-51.758,22.461
1641437241.289,40.039,22.949,-83.496,43.457,42.969
1641437241.293,46.875,24.902,-45.410,116.211,22.461
1641437241.297,12.695,20.996,-69.336,24.414,-3.418
1641437241.301,-9.766,14.648,-113.281,-61.035,23.926
1641437241.305,12.695,8.789,-200.195,8.301,48.828
1641437241.309,38.086,10.742,-316.406,103.516,-13.672
1641437241.312,11.230,21.973,-471.191,55.664,-28.809
1641437241.316,-20.996,26.855,-344.238,-53.711,-17.090
1641437241.320,1.953,27.344,-182.617,-15.137,-0.977
1641437241.324,34.180,28.809,-104.004,93.262,54.199
1641437241.328,28.809,29.297,-20.508,90.332,60.547
1641437241.345,0.488,29.785,-81.055,-16.602,20.020
1641437241.349,1.953,28.809,-213.379,-32.715,-10.742
1641437241.353,39.062,26.855,-163.086,84.473,0.000
1641437241.357,49.316,20.020,-8.789,119.141,33.691
1641437241.361,8.301,20.020,-54.199,5.859,34.668
1641437241.365,8.789,27.344,-265.625,-39.551,50.781
1641437241.369,52.246,30.762,-501.953,52.246,58.105
1641437241.372,65.430,31.738,-330.566,121.094,37.109
1641437241.376,31.738,36.621,-48.340,29.297,48.340
1641437241.380,8.789,32.227,-368.652,-69.336,24.902
1641437241.384,40.039,24.902,-514.648,2.441,2.441
1641437241.388,61.035,23.926,-149.414,107.910,33.203
1641437241.390,37.598,25.391,-2.441,68.359,55.664
1641437241.394,11.230,26.855,-280.273,-47.363,43.457
1641437241.398,18.066,21.973,-414.062,-30.762,30.762
1641437241.402,45.898,18.555,-153.320,90.332,51.758
1641437241.406,40.039,22.461,-23.438,100.586,42.969
1641437241.410,-6.348,22.949,-408.203,-24.902,28.320
1641437241.414,-9.277,22.461,-639.160,-57.617,-10.742
1641437241.417,28.320,26.367,-278.320,56.641,6.348
1641437241.421,35.156,27.832,-13.184,112.305,28.320
1641437241.425,-3.418,20.508,-357.422,3.906,-24.902
1641437241.429,-11.719,20.020,-694.824,-64.453,-15.625
1641437241.433,27.832,23.926,-335.938,27.832,31.250
1641437241.435,56.152,19.531,-139.648,133.789,60.547
1641437241.439,26.855,19.531,-286.133,71.777,87.891
1641437241.443,-0.488,23.438,-366.699,-26.367,53.223
1641437241.447,23.926,28.809,-264.160,30.762,28.809
1641437241.451,43.945,28.809,-122.070,136.230,52.246
1641437241.455,25.879,27.344,-195.801,111.328,46.387
1641437241.459,0.000,29.297,-418.945,1.465,36.621
1641437241.462,12.207,25.391,-325.195,5.371,20.020
1641437241.466,45.898,21.484,-149.414,121.582,12.695
1641437241.470,46.875,20.508,-335.449,139.648,46.875
1641437241.474,13.672,25.391,-371.094,16.602,31.738
1641437241.478,11.230,28.809,-232.422,-15.137,-34.668
1641437241.480,41.504,24.414,-287.109,94.238,-22.949
1641437241.484,54.688,27.344,-235.840,155.762,29.785
1641437241.488,20.020,29.297,-237.305,45.898,9.766
1641437241.492,-3.906,22.461,-403.320,-37.109,10.742
1641437241.496,24.414,19.531,-430.664,39.062,32.227
1641437241.500,45.410,22.461,-439.453,116.699,23.438
1641437241.504,25.879,30.762,-353.516,58.594,45.410
1641437241.507,5.371,34.180,-291.016,-50.781,17.578
1641437241.511,22.949,34.180,-557.129,-20.508,-27.344
1641437241.515,56.641,33.691,-602.539,90.820,-22.949
1641437241.519,47.363,24.414,-188.477,79.102,-27.344
1641437241.523,16.113,25.879,-198.730,-32.715,42.969
1641437241.525,25.391,33.203,-381.348,-41.504,65.918
1641437241.529,57.129,31.738,-250.977,77.148,40.039
1641437241.533,55.176,32.715,-9.277,124.023,69.824
1641437241.537,21.973,34.180,-146.973,18.066,33.203
1641437241.541,8.789,29.785,-377.930,-41.016,41.016
1641437241.545,34.668,29.785,-349.609,52.734,67.383
1641437241.549,50.781,27.832,-211.426,126.465,52.734
1641437241.552,17.578,24.902,-254.395,32.227,47.363
1641437241.556,14.648,30.762,-501.465,-44.922,44.434
1641437241.560,51.270,28.809,-369.629,27.832,29.785
1641437241.564,49.805,18.066,17.090,104.004,43.945
1641437241.568,9.766,17.578,-163.574,45.898,67.383
1641437241.570,-7.812,18.066,-507.324,-52.246,25.391
1641437241.574,14.160,22.949,-300.293,-13.672,32.715
1641437241.578,36.133,24.902,88.379,96.191,94.238
1641437241.582,21.973,22.949,9.277,74.707,63.965
1641437241.586,-10.742,19.531,-224.121,-41.992,-5.371
1641437241.590,-8.301,19.531,-249.512,-47.852,-31.738
1641437241.594,30.273,23.926,-107.422,63.477,22.949
1641437241.597,37.598,19.043,-30.762,93.750,42.480
1641437241.601,-2.930,15.625,-254.395,-27.344,-16.602
1641437241.605,-8.301,19.043,-182.129,-85.449,-1.465
1641437241.609,25.879,17.090,65.918,4.395,63.965
1641437241.613,33.691,13.184,-30.762,77.637,65.918
1641437241.615,3.418,17.578,-197.754,-9.277,40.039
1641437241.619,-10.254,20.508,-94.238,-102.539,24.902
1641437241.623,14.160,19.043,-82.520,-39.551,9.277
1641437241.627,40.039,22.461,-19.043,58.105,24.414
1641437241.631,22.461,27.344,68.359,19.043,22.461
1641437241.635,-2.441,24.414,-121.094,-94.238,33.691
1641437241.639,10.742,24.414,-201.172,-71.289,59.082
1641437241.642,48.340,27.344,-321.777,60.547,40.039
1641437241.646,53.711,25.879,-221.680,83.008,25.879
1641437241.650,16.602,22.461,62.012,-29.297,4.883
1641437241.654,11.719,20.508,-112.793,-65.918,-20.020
1641437241.658,46.875,18.555,-115.234,36.621,-23.438
1641437241.667,52.246,19.531,133.301,87.402,27.344
1641437241.671,12.207,22.949,131.836,-31.738,57.617
1641437241.675,4.395,24.414,-240.234,-123.535,-9.277
1641437241.679,46.387,27.832,-284.180,-60.547,-23.926
1641437241.683,64.453,28.809,68.848,7.324,6.836
1641437241.687,31.738,23.926,-64.453,-68.359,-12.207
1641437241.691,7.324,20.996,-451.172,-169.922,-55.664
1641437241.694,29.297,23.926,-442.871,-126.953,-39.551
1641437241.698,55.664,24.414,-166.504,-35.156,-15.625
1641437241.702,36.133,20.020,-59.082,-56.641,-18.066
1641437241.706,10.254,20.508,-519.531,-157.227,-51.758
1641437241.710,26.367,28.809,-745.117,-146.973,-59.570
1641437241.710,58.105,30.273,-212.402,-23.926,14.648
1641437241.714,53.223,29.297,-110.352,8.789,-11.230
1641437241.718,17.090,26.367,-468.262,-94.727,-86.426
1641437241.722,15.137,25.879,-650.879,-127.441,-121.094
1641437241.726,47.852,28.809,-468.750,-14.648,-88.867
1641437241.730,51.270,27.832,-361.816,60.059,-63.477
1641437241.734,9.277,28.320,-695.801,-41.504,-91.309
1641437241.737,-1.465,29.297,-981.934,-104.004,-99.121
1641437241.741,31.250,28.320,-958.008,-10.742,-73.242
1641437241.745,53.711,22.461,-552.734,86.426,-37.109
1641437241.749,36.133,11.719,-209.473,45.898,-10.254
1641437241.753,23.438,19.043,-277.344,-49.805,6.836
1641437241.765,23.926,38.574,-341.309,-34.180,2.930
1641437241.769,36.133,41.504,-351.562,51.758,28.809
1641437241.773,24.902,30.273,-323.242,29.297,53.223
1641437241.777,-11.230,31.738,-356.445,-90.820,-1.953
1641437241.781,-15.625,37.598,-447.266,-116.211,-10.742
1641437241.785,11.230,28.809,-512.695,-19.043,9.766
1641437241.789,18.555,23.926,-573.730,23.438,-1.465
1641437241.792,-20.020,34.668,-418.945,-76.172,20.020
1641437241.796,-31.738,36.621,-312.988,-125.000,25.391
1641437241.800,1.465,32.227,-292.480,-39.551,19.531
1641437241.804,19.043,27.832,-109.863,33.691,38.086
1641437241.808,-8.301,22.949,-43.945,-36.621,67.383
1641437241.811,-27.344,20.020,-225.586,-114.258,33.691
1641437241.815,1.465,21.484,-309.082,-47.363,-21.973
1641437241.819,28.320,26.367,-110.840,59.082,45.898
1641437241.823,5.859,27.832,-11.719,25.879,57.617
1641437241.827,-19.531,26.367,-191.406,-82.031,-33.203
1641437241.831,-3.906,21.973,-324.707,-45.410,-27.832
1641437241.835,25.879,24.902,-190.918,80.566,30.762
1641437241.838,19.531,30.762,-85.449,87.402,1.953
1641437241.842,-11.719,26.855,-211.914,-27.832,-20.508
1641437241.846,-4.883,16.602,-550.781,-41.992,-19.531
1641437241.850,26.855,17.578,-421.387,69.336,-17.090
1641437241.854,37.109,26.367,87.402,115.723,29.297
1641437241.855,7.324,30.762,-56.641,18.555,22.949
1641437241.859,2.930,34.180,-211.914,-33.691,37.109
1641437241.863,41.016,35.156,27.832,68.848,96.680
1641437241.867,58.594,37.598,231.934,154.297,121.094
1641437241.871,25.391,33.203,85.449,69.824,83.008
1641437241.875,-2.441,23.926,-214.844,-37.109,14.160
1641437241.879,22.949,24.902,-260.742,30.762,19.531
1641437241.882,55.664,28.320,73.730,147.461,54.688
1641437241.886,35.156,22.461,-38.574,121.582,3.418
1641437241.890,-5.371,15.625,-443.359,5.859,11.230
1641437241.894,7.812,24.902,-297.363,29.297,45.898
1641437241.898,41.992,28.320,45.410,176.270,74.219
1641437241.915,29.785,26.855,125.000,193.359,130.371
1641437241.919,-6.836,29.297,-39.551,65.918,105.469
1641437241.923,-2.930,30.762,-29.785,35.156,78.613
1641437241.927,27.832,27.344,53.711,142.578,118.164
1641437241.931,31.250,22.949,104.004,193.359,137.695
1641437241.935,1.953,29.297,-26.855,91.309,65.918
1641437241.939,1.953,33.691,-218.750,33.691,39.062
1641437241.942,37.598,23.438,-134.766,116.211,125.000
1641437241.946,56.152,14.648,-222.168,191.406,125.000
1641437241.950,26.855,21.973,-206.543,127.441,73.730
1641437241.954,-3.906,26.855,-59.570,23.926,63.477
1641437241.958,20.508,29.785,-156.738,67.383,51.270
1641437241.946,54.688,31.250,-59.082,169.922,51.270
1641437241.950,30.273,21.973,61.035,146.484,50.781
1641437241.954,-11.230,18.555,-26.367,17.578,26.367
1641437241.958,-10.254,19.043,-201.172,5.859,-22.461
1641437241.962,21.973,20.508,-145.996,114.746,-58.105
1641437241.966,29.297,25.391,41.504,128.418,-7.812
1641437241.970,-5.859,25.391,-7.324,13.672,7.812
1641437241.973,-10.254,14.648,-98.145,-28.320,-34.668
1641437241.977,30.273,16.602,-40.527,59.082,-17.578
1641437241.981,40.039,24.414,175.293,116.211,34.180
1641437241.985,6.348,22.949,167.969,19.531,45.410
1641437241.989,-3.906,20.020,-284.180,-58.105,-24.902
1641437241.990,27.344,17.578,-573.730,24.414,-43.945
1641437241.994,54.199,20.508,-0.488,120.117,84.473
1641437241.998,27.832,26.367,207.520,58.105,117.676
1641437242.002,-6.836,26.855,-213.867,-52.734,26.367
1641437242.006,8.789,23.926,-251.953,-13.672,45.898
1641437242.010,42.969,26.367,-41.504,99.121,95.703
1641437242.014,34.180,26.855,-70.801,78.125,41.504
1641437242.017,-11.230,17.090,-492.676,-40.039,-11.230
1641437242.021,-9.766,17.578,-606.445,-34.180,-39.062
1641437242.025,35.645,33.691,-104.004,90.332,-11.230
1641437242.029,44.434,36.133,18.555,138.184,9.766
1641437242.033,11.230,30.273,-190.918,25.391,8.301
1641437242.051,0.000,35.156,-288.574,-29.785,0.977
1641437242.055,39.062,39.551,-228.027,74.707,39.551
1641437242.059,51.270,35.645,-221.191,160.156,81.543
1641437242.063,7.812,41.992,-443.848,80.566,57.129
1641437242.067,0.977,50.293,-675.781,9.766,-9.277
1641437242.071,34.668,49.805,-828.613,91.309,21.973
1641437242.075,38.574,40.039,-924.805,179.688,62.012
1641437242.078,-1.465,34.180,-968.750,129.883,5.371
1641437242.082,-25.391,44.434,-969.238,36.133,-16.113
1641437242.086,-8.789,51.270,-968.750,75.684,8.301
1641437242.090,19.531,58.594,-969.727,188.477,43.945
1641437242.094,1.465,55.176,-969.727,189.941,41.992
1641437242.080,-48.828,50.781,-969.727,80.566,9.277
1641437242.084,-49.316,51.758,-969.727,47.363,29.297
1641437242.088,-10.254,53.223,-969.727,145.508,55.664
1641437242.092,-2.441,64.453,-969.238,181.152,72.266
1641437242.096,-44.922,71.289,-969.238,52.246,64.453
1641437242.100,-56.152,73.242,-969.727,-15.137,32.227
1641437242.104,-22.461,76.172,-969.727,74.219,16.113
1641437242.107,-16.113,77.637,-969.727,141.602,82.520
1641437242.111,-53.711,75.684,-969.238,22.949,120.117
1641437242.115,-85.449,68.848,-969.727,-110.840,61.035
1641437242.119,-63.965,62.500,-969.727,-61.035,54.688
1641437242.123,-31.738,63.965,-969.238,38.574,93.750
1641437242.140,-49.316,60.059,-969.727,7.812,99.609
1641437242.144,-67.871,52.734,-962.402,-114.746,90.820
1641437242.148,-49.805,49.805,-982.422,-114.258,71.777
1641437242.152,-14.160,49.316,-916.016,19.043,80.078
1641437242.156,-16.602,47.852,-717.773,33.691,127.930
1641437242.160,-46.387,44.434,-835.449,-90.332,85.449
1641437242.164,-37.109,44.922,-922.852,-135.254,36.133
1641437242.167,-0.488,45.898,-548.828,-47.852,58.105
1641437242.171,14.160,40.039,-167.969,5.371,93.262
1641437242.175,-19.531,30.762,-299.316,-117.676,64.453
1641437242.179,-36.133,29.297,-397.949,-194.824,21.973
1641437242.183,-1.953,25.391,-54.199,-103.516,59.570
1641437242.185,28.809,20.996,100.098,-15.137,73.242
1641437242.189,7.324,21.973,-5.371,-79.590,51.270
1641437242.193,-13.184,24.902,27.344,-167.480,58.105
1641437242.197,15.137,26.855,272.949,-109.863,100.098
1641437242.201,47.363,25.879,436.523,-10.254,119.141
1641437242.205,36.133,23.926,397.949,-16.602,125.488
1641437242.209,8.789,19.531,212.402,-107.910,80.566
1641437242.212,26.367,15.625,308.105,-109.375,44.434
1641437242.216,60.059,11.719,583.984,13.672,80.566
1641437242.220,54.199,7.812,444.336,31.738,70.801
1641437242.224,17.090,6.348,494.629,-72.266,14.160
1641437242.228,18.555,9.766,739.746,-81.055,-28.320
1641437242.230,56.152,18.555,798.828,30.273,-14.160
1641437242.234,67.871,20.508,938.477,101.562,47.852
1641437242.238,34.180,14.648,991.211,10.254,43.945
1641437242.242,20.996,11.719,929.688,-52.734,6.348
1641437242.246,46.875,9.277,952.148,46.387,10.254
1641437242.250,76.660,6.348,972.656,159.668,39.551
1641437242.254,61.523,12.207,998.047,127.930,64.453
1641437242.257,26.367,6.836,-993.164,34.668,54.199
1641437242.261,42.480,-5.859,972.656,81.543,11.719
1641437242.265,73.242,-3.418,951.660,202.637,-16.602
1641437242.269,64.453,3.418,-999.023,198.730,11.230
1641437242.273,27.832,3.418,-999.023,83.496,27.344
1641437242.275,29.297,3.906,997.559,73.730,34.180
1641437242.279,62.500,6.348,999.512,177.734,51.758
1641437242.283,63.477,6.348,999.512,193.359,64.453
1641437242.287,22.949,2.441,999.512,61.523,45.898
1641437242.291,12.695,3.906,999.512,2.441,10.742
1641437242.295,48.340,8.789,999.512,101.074,-7.324
1641437242.299,66.895,10.742,999.512,168.945,58.105
1641437242.302,43.457,5.859,999.512,69.824,83.008
1641437242.306,31.738,0.488,999.512,-14.160,20.996
1641437242.310,62.012,5.371,999.512,71.777,40.527
1641437242.314,89.844,12.207,999.512,181.152,108.398
1641437242.318,66.406,16.113,999.512,139.648,53.711
1641437242.320,31.250,12.207,999.512,21.973,-2.930
1641437242.324,47.852,9.277,999.512,41.504,32.227
1641437242.328,78.613,11.230,999.512,159.668,60.547
1641437242.332,61.035,11.719,999.512,161.621,70.312
1641437242.336,27.832,12.695,999.512,43.945,53.223
1641437242.340,39.551,13.672,999.023,21.973,12.695
1641437242.344,74.707,15.137,999.512,127.441,53.711
1641437242.347,83.008,18.066,999.023,168.457,108.887
1641437242.351,40.527,19.531,996.094,62.500,70.312
1641437242.355,27.344,17.578,998.535,10.742,64.941
1641437242.359,61.523,16.602,999.512,94.727,67.871
1641437242.363,77.148,19.043,999.023,171.387,71.777
1641437242.395,43.457,19.531,999.512,89.844,52.734
1641437242.399,14.648,18.555,999.512,-16.113,13.184
1641437242.403,39.551,15.625,999.023,48.828,11.719
1641437242.407,68.848,12.207,996.582,150.879,19.043
1641437242.411,52.246,12.207,-992.676,111.328,-21.484
1641437242.415,16.113,12.207,941.895,-8.301,-20.508
1641437242.419,24.414,18.066,883.301,0.488,18.555
1641437242.422,59.082,23.926,937.500,120.605,1.953
1641437242.426,53.711,26.367,987.305,137.207,7.324
1641437242.430,16.602,22.461,-987.793,14.160,48.340
1641437242.434,11.719,23.926,837.891,-29.297,40.527
1641437242.438,49.316,29.297,603.516,69.824,18.066
1641437242.410,66.406,32.227,871.582,144.531,27.832
1641437242.414,30.762,28.320,996.582,53.223,20.996
1641437242.418,14.648,17.578,586.426,-32.227,-36.133
1641437242.422,47.852,20.996,486.816,29.297,-60.547
1641437242.426,70.801,31.738,811.523,112.305,-3.418
1641437242.430,41.992,34.180,643.555,52.246,3.906
1641437242.434,14.648,37.598,218.750,-50.781,-40.527
1641437242.437,36.621,38.086,237.305,16.113,-4.395
1641437242.441,70.312,34.668,479.004,134.277,63.965
1641437242.445,47.852,35.156,466.797,109.375,75.684
1641437242.449,8.301,29.297,125.488,-15.625,76.172
1641437242.453,19.043,36.621,-122.070,-20.508,45.898
1641437242.470,41.504,35.645,-87.891,90.820,74.707
1641437242.474,36.621,27.344,-126.465,122.559,100.586
1641437242.478,-4.883,25.879,-621.582,34.668,0.000
1641437242.482,-1.465,37.109,-1000.000,18.066,-58.105
1641437242.486,31.250,44.922,-953.613,113.770,46.875
1641437242.490,24.902,26.367,-965.332,170.410,104.004
1641437242.494,-9.277,31.738,-970.703,59.570,-16.113
1641437242.497,-28.809,39.551,-969.238,-27.344,-43.945
1641437242.501,5.859,40.527,-969.727,75.195,14.648
1641437242.505,26.367,44.922,-969.727,177.246,28.809
1641437242.509,-16.113,43.457,-969.727,116.211,23.926
1641437242.513,-54.688,52.246,-969.727,2.441,32.715
1641437242.516,-40.527,65.918,-969.727,42.480,20.020
1641437242.520,-19.043,66.895,-969.727,152.344,-17.090
1641437242.524,-40.527,69.824,-969.238,130.859,-35.156
1641437242.528,-70.312,81.055,-969.238,24.414,-69.824
1641437242.532,-67.871,80.566,-969.727,10.742,-38.574
1641437242.536,-46.875,72.754,-969.727,103.027,5.371
1641437242.540,-45.898,73.242,-969.727,127.930,27.832
1641437242.543,-78.125,76.172,-969.727,-0.488,22.461
1641437242.547,-91.309,70.312,-969.238,-88.379,-10.742
1641437242.551,-57.617,74.707,-969.238,-13.184,-27.832
1641437242.555,-48.340,82.031,-969.727,45.410,-32.715
1641437242.559,-80.078,83.984,-969.727,-53.711,-17.090
1641437242.560,-94.727,77.148,-969.727,-181.641,1.465
1641437242.564,-66.406,69.824,-969.727,-156.250,3.906
1641437242.568,-37.598,69.336,-969.238,-77.148,34.668
1641437242.572,-63.477,65.430,-971.191,-136.230,61.035
1641437242.576,-87.891,60.547,-961.914,-265.625,63.477
1641437242.580,-56.641,46.875,-979.004,-254.395,19.043
1641437242.584,-9.277,41.016,-944.824,-124.023,-23.438
1641437242.587,-2.441,51.758,-771.973,-91.797,23.926
1641437242.591,-26.855,47.363,-760.742,-208.984,-2.441
1641437242.595,-7.324,39.551,-975.098,-217.285,-61.035
1641437242.599,41.992,41.016,-785.156,-64.941,-12.695
1641437242.603,49.805,33.691,-186.035,-9.277,41.992
1641437242.605,11.719,26.367,-185.547,-125.000,14.160
1641437242.609,-1.465,19.043,-364.258,-189.453,-28.320
1641437242.613,38.574,15.137,-127.930,-84.961,12.207
1641437242.617,59.082,16.602,133.301,10.742,31.250
1641437242.621,32.227,5.859,125.488,-42.480,17.578
1641437242.625,15.137,-2.930,-93.262,-135.254,-9.766
1641437242.629,52.246,6.348,-113.770,-77.637,-20.996
1641437242.632,85.449,8.789,185.059,35.156,7.324
1641437242.636,62.500,7.324,146.484,14.160,-18.066
1641437242.640,33.691,8.301,-96.191,-119.629,-41.016
1641437242.644,50.781,8.301,104.492,-126.465,5.859
1641437242.648,88.867,7.812,336.914,8.789,36.621
1641437242.650,84.961,5.859,385.742,30.762,24.902
1641437242.654,45.410,1.953,312.988,-79.590,-9.766
1641437242.658,46.875,1.465,383.789,-102.051,-4.883
1641437242.662,79.102,-4.883,478.516,10.254,25.879
1641437242.666,93.262,-12.207,562.500,78.125,24.414
1641437242.670,68.359,-5.859,425.781,-12.207,-30.762
1641437242.674,55.664,0.000,317.383,-60.059,-9.277
1641437242.677,85.449,1.465,472.656,44.434,-14.648
1641437242.681,107.422,1.953,461.914,151.367,-0.977
1641437242.685,87.402,2.930,574.219,107.910,49.316
1641437242.689,57.129,4.395,712.891,25.879,10.742
1641437242.693,69.824,0.488,669.922,70.801,-14.648
1641437242.696,112.793,-0.488,844.238,173.828,29.297
1641437242.700,99.121,-0.488,940.430,158.203,-2.441
1641437242.704,58.105,-0.488,830.566,57.617,-25.391
1641437242.708,69.336,-1.465,693.359,67.871,28.320
1641437242.712,98.633,-9.277,788.086,165.527,64.453
1641437242.716,91.797,-1.953,969.238,177.734,54.688
1641437242.720,55.176,3.418,955.078,56.641,20.020
1641437242.723,50.781,3.418,706.543,14.160,-25.391
1641437242.727,78.613,6.836,649.902,115.234,-26.367
1641437242.731,95.215,6.836,-995.605,178.223,28.809
1641437242.735,60.059,6.836,-985.840,75.195,37.109
1641437242.739,35.645,5.371,917.969,-11.230,-7.812
1641437242.740,67.383,6.348,939.941,73.242,-24.414
1641437242.744,92.773,9.277,-995.605,171.875,18.555
1641437242.748,62.012,5.859,-993.164,119.141,-5.371
1641437242.752,31.250,1.465,917.480,1.465,-47.363
1641437242.756,48.828,2.930,796.387,25.391,-66.895
1641437242.760,75.195,7.324,893.066,126.953,-27.344
1641437242.764,63.477,13.672,-986.328,111.328,-4.883
1641437242.767,27.344,13.672,607.422,-13.672,-50.781
1641437242.771,34.668,12.207,458.496,-42.969,-53.711
1641437242.775,74.219,16.113,929.199,79.590,-21.484
1641437242.779,68.359,15.625,-998.535,133.789,-30.762
1641437242.783,26.367,14.160,882.812,18.555,-3.418
1641437242.800,28.320,14.160,820.801,-27.832,25.879
1641437242.804,61.523,12.695,891.602,70.312,11.719
1641437242.808,65.918,12.207,923.828,144.043,21.484
1641437242.812,32.715,11.230,832.520,64.941,25.391
1641437242.816,14.160,9.277,694.336,-29.785,-32.715
1641437242.820,38.086,9.277,587.402,23.926,-29.297
1641437242.824,63.965,14.160,554.199,121.582,33.203
1641437242.827,46.875,16.113,335.938,76.660,22.461
1641437242.831,11.230,17.090,386.230,-45.410,0.488
1641437242.835,26.855,19.531,536.133,-22.461,-18.066
1641437242.839,60.547,13.672,493.652,106.445,-15.625
1641437242.843,46.875,10.742,522.461,115.234,40.039
1641437242.830,13.672,15.625,488.281,-0.977,30.762
1641437242.834,9.766,19.043,351.074,-33.203,2.930
1641437242.838,44.922,16.602,321.289,62.988,22.461
1641437242.842,51.758,9.766,469.238,117.188,44.922
1641437242.846,11.719,12.695,462.891,18.066,17.578
1641437242.850,4.395,18.555,140.137,-39.551,-3.418
1641437242.854,38.086,21.484,139.160,61.035,-16.602
1641437242.857,58.105,24.902,443.848,148.438,-12.207
1641437242.861,27.832,26.855,507.812,67.871,3.418
1641437242.865,1.465,25.879,320.312,-30.273,-17.090
1641437242.869,26.855,23.438,-104.980,31.250,-78.125
1641437242.873,60.547,28.320,69.336,133.301,-49.805
1641437242.890,41.992,32.715,569.824,108.398,15.137
1641437242.894,6.348,23.438,329.590,-9.277,-18.066
1641437242.898,21.973,22.461,103.516,-12.695,-23.926
1641437242.902,60.547,18.555,304.688,104.492,-5.859
1641437242.906,62.988,14.648,441.406,131.348,2.441
1641437242.910,30.273,22.949,41.016,30.273,-19.531
1641437242.914,28.809,26.855,-227.051,-5.859,-56.152
1641437242.917,63.965,30.273,149.902,123.047,-4.883
1641437242.921,72.754,37.598,364.746,245.117,41.504
1641437242.925,38.086,37.598,67.383,149.902,-30.273
1641437242.929,19.531,29.785,-222.168,67.871,-65.918
1641437242.933,50.781,27.344,-104.004,151.367,-68.359
1641437242.935,79.102,29.785,-4.395,228.516,-37.598
1641437242.939,52.246,28.809,-274.414,161.621,-23.438
1641437242.943,18.066,26.367,-417.969,97.656,-66.895
1641437242.947,35.645,18.555,-173.828,209.473,-71.289
1641437242.951,66.895,15.137,-42.480,329.102,-55.176
1641437242.955,46.387,19.531,-95.703,296.387,-24.902
1641437242.959,12.695,27.832,-232.422,189.941,-26.855
1641437242.962,21.484,30.762,-120.605,171.387,-10.254
1641437242.966,53.711,24.414,-45.410,256.836,-13.672
1641437242.970,56.152,24.902,-332.031,282.715,-57.129
1641437242.974,17.578,25.391,-343.750,181.641,-53.711
1641437242.978,12.695,23.926,-142.090,138.184,-36.133
1641437242.980,52.246,24.902,-150.391,214.355,-41.016
1641437242.984,69.824,24.414,42.480,265.137,0.000
1641437242.988,30.273,23.926,148.926,166.992,17.578
1641437242.992,8.301,20.508,-87.891,76.172,-22.461
1641437242.996,46.875,15.137,-227.539,147.461,-9.277
1641437243.000,70.312,21.484,-160.156,240.234,26.367
1641437243.004,42.480,24.414,7.812,197.266,36.133
1641437243.007,24.414,23.926,54.688,89.844,26.855
1641437243.011,46.387,24.414,-221.191,91.797,-23.926
1641437243.015,75.195,24.902,-277.832,186.523,-14.160
1641437243.019,64.941,26.367,167.480,184.570,20.996
1641437243.023,32.227,24.414,134.766,58.594,-4.395
1641437243.025,35.156,24.414,-32.715,10.254,9.277
1641437243.029,73.730,32.227,126.465,110.352,62.012
1641437243.033,78.613,33.203,295.898,150.879,111.816
1641437243.037,26.855,15.137,135.254,34.180,95.703
1641437243.041,9.277,13.184,-107.422,-37.598,46.875
1641437243.045,51.270,21.973,-193.359,34.668,65.430
1641437243.049,67.383,23.438,-136.230,114.258,125.977
1641437243.052,17.090,22.461,-139.160,47.363,115.234
1641437243.056,-4.883,23.926,-606.934,-45.410,50.781
1641437243.060,23.438,30.762,-694.336,5.859,31.738
1641437243.064,30.762,29.297,-98.633,109.863,144.043
1641437243.068,-11.719,24.902,-46.875,74.707,161.133
1641437243.070,-52.246,27.832,-350.586,-62.988,112.305
1641437243.074,-35.156,32.227,-410.645,-76.172,68.359
1641437243.078,-9.277,24.414,-283.691,21.973,59.570
1641437243.082,-27.832,18.066,-308.594,20.996,75.195
1641437243.086,-66.895,19.531,-480.957,-96.680,53.711
1641437243.090,-63.965,23.438,-617.188,-144.043,28.809
1641437243.094,-23.926,26.367,-494.141,-67.871,25.391
1641437243.097,-19.531,27.832,-373.535,-22.949,42.480
1641437243.101,-66.406,25.879,-690.430,-125.977,-5.371
1641437243.105,-88.867,26.855,-642.090,-180.664,-41.504
1641437243.109,-61.523,25.879,-356.934,-92.285,-14.648
1641437243.113,-48.828,26.855,-400.391,-9.766,2.441
1641437243.115,-79.102,27.832,-480.957,-68.848,14.160
1641437243.119,-99.121,27.344,-514.648,-152.832,-21.973
1641437243.123,-75.195,28.809,-604.004,-101.562,-51.758
1641437243.127,-54.199,24.414,-488.770,-12.695,40.527
1641437243.131,-73.242,17.090,-333.008,-45.410,91.309
1641437243.135,-104.492,20.508,-560.059,-137.695,-1.465
1641437243.139,-112.305,30.273,-712.891,-113.770,-16.602
1641437243.142,-88.867,33.691,-844.238,2.930,12.207
1641437243.146,-89.844,33.203,-761.719,24.414,12.207
1641437243.150,-133.301,34.180,-591.797,-71.289,27.344
1641437243.154,-140.137,32.715,-848.145,-101.074,-11.230
1641437243.158,-105.957,29.785,-904.297,-14.160,1.953
1641437243.161,-106.934,26.367,-699.219,51.758,31.738
1641437243.165,-152.832,27.832,-669.434,-43.457,20.508
1641437243.169,-161.621,23.438,-906.738,-135.742,-16.602
1641437243.173,-135.254,23.438,-891.602,-79.102,23.926
1641437243.177,-122.559,23.438,-522.461,14.160,101.562
1641437243.181,-144.531,13.672,-624.023,-45.898,37.598
1641437243.185,-158.203,11.719,-949.707,-141.602,-48.828
1641437243.188,-108.398,17.578,-929.199,-75.684,-69.336
1641437243.192,-66.895,20.996,-614.258,31.250,-32.715
1641437243.196,-70.801,26.367,-515.625,2.930,-31.738
1641437243.200,-90.332,25.879,-822.754,-114.258,-77.637
1641437243.204,-77.148,20.508,-936.035,-129.883,-64.453
1641437243.205,-35.156,21.484,-771.484,-42.969,-15.137
1641437243.209,-26.367,20.020,-702.637,-44.922,-26.367
1641437243.213,-56.152,18.555,-885.742,-168.945,-83.496
1641437243.217,-54.199,18.555,-957.031,-212.402,-80.566
1641437243.221,7.812,16.602,-793.945,-154.297,-53.223
1641437243.225,51.270,23.926,-740.234,-99.121,-27.832
1641437243.229,3.418,22.949,-892.578,-185.059,-77.148
1641437243.232,-50.293,20.508,-983.398,-292.969,-61.035
1641437243.236,0.488,20.508,-962.891,-211.914,15.625
1641437243.240,60.547,23.926,-969.238,-84.473,8.301
1641437243.244,44.922,28.809,-969.727,-106.445,22.461
1641437243.248,35.645,23.438,-969.727,-210.938,-20.508
1641437243.266,66.895,23.926,-969.727,-192.383,-29.785
1641437243.270,106.445,22.949,-969.727,-102.539,-9.766
1641437243.274,110.840,21.973,-969.727,-143.066,-34.180
1641437243.278,79.590,24.414,-969.727,-246.094,-104.004
1641437243.282,82.031,24.902,-969.727,-230.469,-97.656
1641437243.286,111.328,20.508,-969.727,-111.328,-40.527
1641437243.290,123.047,16.113,-969.727,-87.891,-51.758
1641437243.293,103.027,17.090,-970.703,-172.363,-29.785
1641437243.297,92.285,18.066,-960.449,-192.871,-13.184
1641437243.301,121.094,22.949,-988.281,-143.066,-66.406
1641437243.305,145.020,27.832,-894.043,-30.273,-104.492
1641437243.309,111.328,25.391,-756.348,-75.684,-55.176
1641437243.325,95.215,20.020,-792.480,-181.152,-20.508
1641437243.329,123.535,23.926,-751.953,-137.695,-35.156
1641437243.333,153.809,29.785,-519.531,-86.426,-67.871
1641437243.337,142.090,31.250,-403.320,-132.812,-120.117
1641437243.341,122.559,28.809,-547.852,-251.953,-190.918
1641437243.345,140.137,22.461,-664.551,-255.371,-197.754
1641437243.349,159.668,19.531,-597.656,-165.527,-218.262
1641437243.352,149.902,24.902,-410.645,-152.344,-217.285
1641437243.356,117.188,27.832,-510.742,-251.953,-210.938
1641437243.360,117.676,26.367,-901.855,-281.250,-219.727
1641437243.364,146.973,22.461,-822.266,-172.852,-158.691
1641437243.368,150.879,20.020,-342.285,-189.941,-102.051
1641437243.355,117.188,20.020,-389.648,-350.098,-157.715
1641437243.359,95.703,26.367,-564.453,-437.988,-230.469
1641437243.363,115.234,26.367,-411.133,-366.211,-225.586
1641437243.367,132.812,18.555,-284.668,-321.777,-210.938
1641437243.371,103.516,22.461,-496.582,-409.180,-251.953
1641437243.375,83.008,16.113,-885.254,-469.238,-291.992
1641437243.379,91.797,17.578,-919.434,-395.996,-254.395
1641437243.382,103.027,29.297,-627.930,-288.086,-231.934
1641437243.386,96.191,25.391,-519.531,-263.184,-276.367
1641437243.390,67.871,29.785,-560.547,-330.566,-319.824
1641437243.394,67.383,27.832,-628.906,-354.980,-317.871
1641437243.398,91.797,20.020,-595.215,-233.398,-299.805
1641437243.400,91.797,18.555,-675.781,-224.121,-278.809
1641437243.404,62.988,21.973,-957.031,-346.191,-319.824
1641437243.408,62.012,22.461,-702.148,-331.055,-371.094
1641437243.412,97.656,19.043,-418.945,-270.020,-363.770
1641437243.416,115.234,13.672,-398.438,-250.000,-339.355
1641437243.420,66.895,12.695,-640.137,-354.980,-365.234
1641437243.424,50.781,16.602,-868.652,-455.078,-397.461
1641437243.427,105.957,23.438,-688.477,-359.863,-327.637
1641437243.431,129.883,30.273,-780.273,-264.160,-299.316
1641437243.435,66.406,23.438,-847.168,-332.031,-351.562
1641437243.439,47.852,22.461,-773.438,-418.945,-358.887
1641437243.443,85.938,20.508,-906.738,-377.441,-316.406
1641437243.446,105.469,17.578,-810.547,-310.547,-278.320
1641437243.450,83.984,19.043,-727.051,-336.914,-260.742
1641437243.454,57.129,25.391,-902.832,-448.242,-285.645
1641437243.458,75.195,23.438,-990.723,-528.809,-366.699
1641437243.462,96.191,23.438,-886.719,-416.016,-414.062
1641437243.466,98.145,23.926,-761.230,-345.703,-350.586
1641437243.470,63.477,18.555,-864.258,-479.980,-318.848
1641437243.473,47.363,28.320,-992.676,-462.891,-386.230
1641437243.477,76.172,30.762,-898.926,-308.594,-395.020
1641437243.481,92.773,28.809,-613.281,-258.789,-318.359
1641437243.485,55.664,21.484,-526.855,-330.078,-282.227
1641437243.489,27.832,23.438,-720.215,-279.297,-316.895
1641437243.489,46.387,27.344,-680.664,284.668,-357.910
1641437243.493,65.918,22.949,-455.566,390.137,-328.125
1641437243.497,33.203,24.902,-476.562,41.992,-309.570
1641437243.501,3.906,25.879,-694.824,-42.480,-333.008
1641437243.505,15.137,26.367,-724.609,-108.887,-303.223
1641437243.509,38.574,21.484,-571.289,-86.914,-228.027
1641437243.513,35.156,15.625,-578.125,-76.660,-198.730
1641437243.516,-14.160,20.996,-860.352,-204.102,-233.887
1641437243.520,-16.602,26.367,-897.461,-213.867,-263.672
1641437243.524,23.438,26.367,-533.203,-175.293,-251.953
1641437243.528,10.742,27.832,-460.938,-169.434,-257.324
1641437243.532,-37.598,23.438,-613.770,-192.383,-273.438
1641437243.535,-33.203,20.508,-692.871,-276.367,-273.438
1641437243.539,-5.371,27.344,-567.383,-178.223,-186.035
1641437243.543,-3.418,20.508,-481.445,-19.531,-182.129
1641437243.547,-37.598,17.090,-546.387,-109.375,-241.699
1641437243.551,-62.988,18.555,-631.836,-186.523,-250.488
1641437243.555,-42.969,14.648,-765.625,-20.020,-270.020
1641437243.559,-27.344,8.301,-852.051,80.078,-299.316
1641437243.562,-55.664,2.930,-972.656,37.598,-356.445
1641437243.566,-84.961,15.137,-836.426,-9.277,-353.516
1641437243.570,-67.383,18.555,-613.281,53.711,-320.312
1641437243.574,-34.668,14.160,-696.777,167.969,-295.410
1641437243.578,-31.738,20.020,-679.688,134.277,-276.855
1641437243.594,-58.594,22.461,-618.164,-60.547,-291.992
1641437243.598,-54.688,17.090,-753.418,-23.926,-293.945
1641437243.602,-45.898,11.719,-755.371,127.930,-285.156
1641437243.606,-40.527,16.602,-624.512,145.508,-244.629
1641437243.610,-63.477,18.066,-721.191,59.082,-258.789
1641437243.614,-76.172,18.066,-962.891,112.305,-304.688
1641437243.618,-36.133,17.578,-928.223,133.301,-291.992
1641437243.621,-11.230,17.090,-610.840,100.586,-223.145
1641437243.625,-33.203,20.020,-490.234,147.949,-175.781
1641437243.629,-48.340,19.043,-767.090,99.609,-250.977
1641437243.633,-27.832,17.578,-1000.000,127.441,-314.453
1641437243.637,-2.441,20.996,-750.977,194.824,-246.094
1641437243.625,-6.836,22.461,-450.684,153.809,-225.098
1641437243.629,-30.762,17.578,-701.660,76.660,-284.668
1641437243.633,-19.043,16.602,-813.477,92.773,-259.277
1641437243.637,29.785,20.508,-514.648,234.375,-229.492
1641437243.641,30.762,22.949,-322.266,245.605,-231.934
1641437243.645,-14.160,13.184,-556.641,111.816,-271.484
1641437243.649,-6.836,4.395,-721.191,149.414,-275.879
1641437243.652,44.922,14.648,-518.066,287.598,-198.242
1641437243.656,45.898,24.414,-310.059,305.176,-193.848
1641437243.660,-3.418,21.973,-563.965,153.809,-258.789
1641437243.664,-4.395,25.391,-939.453,106.445,-253.418
1641437243.668,34.668,29.785,-714.844,218.750,-172.363
1641437243.701,62.988,26.855,-531.738,316.895,-158.691
1641437243.705,36.133,26.855,-719.238,236.816,-185.547
1641437243.709,4.883,29.297,-753.906,137.207,-199.707
1641437243.713,24.902,25.391,-536.621,90.332,-198.730
1641437243.717,56.641,25.391,-393.555,50.781,-179.199
1641437243.721,43.457,21.973,-438.477,14.160,-189.453
1641437243.725,12.695,18.066,-594.727,14.648,-274.902
1641437243.728,21.973,23.438,-478.027,99.121,-281.250
1641437243.732,54.688,25.391,-316.895,209.961,-242.676
1641437243.736,56.152,24.414,-468.750,187.500,-270.996
1641437243.740,17.578,23.926,-452.637,-3.418,-249.023
1641437243.744,13.184,17.090,-305.176,2.930,-227.539
1641437243.730,45.898,16.602,-351.074,152.832,-249.512
1641437243.734,57.129,18.066,-256.836,236.816,-190.918
1641437243.738,28.320,18.555,-120.117,172.852,-142.090
1641437243.742,13.184,15.625,-333.984,35.156,-202.148
1641437243.746,39.551,8.789,-416.992,49.316,-235.352
1641437243.750,61.523,8.301,-251.953,141.602,-134.277
1641437243.754,44.434,13.672,-185.059,146.973,-118.164
1641437243.757,17.090,21.973,-194.824,117.188,-149.414
1641437243.761,35.645,19.043,-279.785,128.906,-152.832
1641437243.765,72.754,19.043,-261.230,210.449,-158.203
1641437243.769,62.012,23.438,-123.047,204.102,-162.109
1641437243.773,20.508,19.043,-114.746,63.965,-163.086
1641437243.775,23.438,15.625,-409.180,14.160,-178.223
1641437243.779,61.035,12.695,-549.805,94.238,-210.938
1641437243.783,60.059,15.137,-64.941,163.574,-160.156
1641437243.787,19.043,15.137,-28.320,93.262,-171.387
1641437243.791,23.926,13.672,-188.477,47.852,-187.500
1641437243.795,66.406,18.555,-192.871,104.004,-158.203
1641437243.799,75.195,19.531,-180.176,152.832,-171.387
1641437243.802,34.668,19.043,-58.105,115.234,-116.211
1641437243.806,6.348,20.020,-469.727,38.574,-138.184
1641437243.810,27.344,22.949,-565.918,144.531,-189.453
1641437243.814,62.500,27.344,53.223,251.465,-128.906
1641437243.818,57.129,24.902,98.633,223.145,-82.520
1641437243.819,22.949,16.602,-55.176,136.230,-98.633
1641437243.823,27.344,16.602,37.598,129.883,-91.309
1641437243.827,55.664,16.113,186.523,208.008,-69.824
1641437243.831,44.434,13.672,194.336,223.633,-66.406
1641437243.835,0.000,20.508,86.426,196.289,-18.066
1641437243.839,5.371,22.461,-37.598,173.340,-8.301
1641437243.843,48.340,23.926,20.508,216.797,-37.109
1641437243.846,51.270,20.996,53.711,304.688,-11.230
1641437243.850,15.625,13.184,-191.406,231.445,10.254
1641437243.854,-0.488,19.043,-163.086,124.023,8.301
1641437243.858,32.715,29.297,75.684,165.527,7.324
1641437243.862,56.152,30.762,168.457,225.586,89.355
1641437243.865,18.555,30.273,127.441,172.852,145.996
1641437243.869,3.418,19.043,91.797,88.867,88.379
1641437243.873,29.297,13.672,26.855,111.328,56.641
1641437243.877,54.688,17.578,115.234,146.973,47.852
1641437243.881,44.434,19.043,210.938,118.652,49.805
1641437243.885,2.930,19.531,27.344,-3.418,11.230
1641437243.889,10.742,17.090,-132.812,2.930,24.902
1641437243.892,53.223,20.020,-225.098,128.418,57.129
1641437243.896,48.828,24.414,-58.594,123.535,44.434
1641437243.900,12.695,20.508,102.539,-10.254,7.812
1641437243.904,22.949,17.578,-72.754,-89.844,-16.602
1641437243.908,62.988,13.184,-131.836,-38.086,-15.625
1641437243.911,60.547,9.766,-23.438,-36.133,-10.254
1641437243.915,29.297,14.648,14.160,-136.230,-2.441
1641437243.919,20.996,15.137,-280.273,-161.621,-40.039
1641437243.923,41.016,16.113,-318.848,-72.754,-63.965
1641437243.927,67.871,22.461,18.555,0.977,-47.852
1641437243.931,42.480,24.902,-70.312,-63.965,-81.055
1641437243.935,13.672,20.996,-495.117,-134.277,-114.258
1641437243.938,33.203,13.672,-611.328,-50.293,-88.379
1641437243.942,53.223,15.625,-166.992,62.500,-43.945
1641437243.946,49.316,18.066,16.113,90.332,-33.691
1641437243.950,24.414,12.207,-234.375,31.250,-47.852
1641437243.954,22.461,5.859,-387.207,15.625,-59.570
1641437243.955,55.664,12.695,-289.551,47.363,-68.848
1641437243.959,62.988,19.531,-177.734,83.496,-31.250
1641437243.963,23.926,19.531,-425.781,8.301,-48.340
1641437243.967,23.926,18.555,-516.113,-13.672,-99.609
1641437243.971,63.477,20.020,-291.992,139.160,-52.246
1641437243.975,73.730,21.973,-326.172,208.008,-13.672
1641437243.979,40.527,11.719,-713.867,78.125,-69.336
1641437243.982,26.855,12.695,-858.887,-29.785,-146.973
1641437243.986,46.875,21.484,-491.211,59.570,-141.602
1641437243.990,59.570,8.301,-308.105,172.363,-97.168
1641437243.994,46.387,5.859,-506.836,139.648,-152.832
1641437243.998,17.090,23.438,-559.082,69.824,-193.848
1641437244.016,23.926,27.344,-428.711,102.539,-205.566
1641437244.020,49.316,24.414,-397.949,228.027,-135.742
1641437244.024,41.992,30.273,-375.000,266.113,-85.449
1641437244.028,14.648,29.297,-391.602,178.711,-160.156
1641437244.032,13.672,24.414,-429.688,141.602,-178.223
1641437244.036,51.270,23.926,-593.750,186.035,-155.762
1641437244.040,55.664,21.973,-803.223,196.777,-138.672
1641437244.043,12.695,27.344,-656.738,81.055,-123.535
1641437244.047,-1.953,28.809,-471.191,26.855,-82.031
1641437244.051,31.250,26.367,-629.395,80.566,-64.453
1641437244.055,46.387,25.391,-608.398,141.113,-52.734
1641437244.059,14.160,14.160,-330.566,106.445,-35.645
1641437244.064,-9.277,10.742,-433.594,20.508,-66.895
1641437244.068,16.113,13.672,-537.598,104.492,-98.145
1641437244.072,54.688,17.090,-325.684,262.207,-55.664
1641437244.076,35.156,17.090,-82.031,235.352,-33.691
1641437244.080,-0.977,20.020,-223.145,61.035,-88.379
1641437244.084,11.719,23.926,-490.723,35.645,-123.047
1641437244.088,39.062,23.438,-421.387,138.184,-84.961
1641437244.091,35.645,22.949,-161.621,148.926,-49.316
1641437244.095,1.465,11.230,-305.176,49.316,-63.965
1641437244.099,13.672,8.301,-464.355,44.922,-59.570
1641437244.103,67.383,20.996,-205.078,189.941,-44.922
1641437244.107,83.496,27.344,-64.941,284.180,-53.711
1641437244.105,23.438,21.484,-234.375,160.645,-20.020
1641437244.109,-6.836,19.043,-429.199,1.953,-13.672
1641437244.113,29.297,22.461,-259.766,88.867,-29.297
1641437244.117,48.828,20.508,30.762,175.781,22.461
1641437244.121,18.066,23.926,-22.949,78.613,10.254
1641437244.125,-25.879,22.461,-197.754,-17.578,6.836
1641437244.129,-3.906,17.578,-83.008,87.891,37.109
1641437244.132,33.203,13.672,109.863,226.074,17.578
1641437244.136,6.348,16.113,173.340,157.715,34.668
1641437244.140,-33.203,17.578,-119.141,55.664,26.855
1641437244.144,-21.484,16.602,-227.539,48.828,-20.996
1641437244.148,17.578,24.414,303.223,100.586,20.508
1641437244.151,19.043,24.902,657.227,62.500,70.312
1641437244.155,-10.254,22.949,660.156,-17.578,48.340
1641437244.159,-11.230,25.391,707.031,-29.785,13.672
1641437244.163,18.066,25.879,792.480,50.781,26.367
1641437244.167,27.344,24.902,816.406,107.910,44.434
1641437244.171,-8.789,15.625,681.641,0.977,54.199
1641437244.175,-23.438,10.254,578.125,-60.547,26.855
1641437244.178,10.742,13.184,646.484,24.414,5.859
1641437244.182,33.203,12.207,858.398,105.957,60.547
1641437244.186,9.766,15.137,991.211,71.777,85.938
1641437244.190,-17.578,17.090,971.680,12.695,55.664
1641437244.194,8.301,18.066,838.867,63.965,38.574
1641437244.210,43.945,25.391,708.496,130.371,48.828
1641437244.214,20.996,24.902,866.211,143.066,91.797
1641437244.218,-15.625,15.625,964.844,87.402,112.793
1641437244.222,-7.812,23.438,755.859,66.895,33.691
1641437244.226,25.879,27.344,796.875,152.832,20.020
1641437244.230,30.762,21.484,985.840,191.895,62.500
1641437244.234,2.441,23.438,871.094,90.820,30.273
1641437244.237,-9.277,20.020,635.254,40.039,38.086
1641437244.241,17.578,20.508,342.285,114.746,11.230
1641437244.245,39.062,18.555,691.406,172.363,26.367
1641437244.249,0.000,17.578,-974.121,90.332,97.168
1641437244.253,-22.949,21.973,689.941,-0.977,-5.371
1641437244.240,6.348,18.066,701.660,64.941,-26.367
1641437244.244,31.738,10.742,987.793,130.859,34.668
1641437244.248,14.160,12.695,-987.793,59.082,51.270
1641437244.252,-15.625,17.578,901.855,-15.137,39.062
1641437244.256,0.977,21.484,839.844,25.391,-35.156
1641437244.260,38.086,24.414,914.062,119.629,-25.879
1641437244.264,32.715,18.066,952.637,133.789,20.996
1641437244.267,-5.859,13.672,813.965,41.504,-27.832
1641437244.271,-10.254,18.066,783.691,0.488,-39.551
1641437244.275,21.973,19.043,945.312,76.660,-17.090
1641437244.279,28.809,16.602,979.492,146.973,-28.320
1641437244.283,-4.395,17.578,495.117,53.223,-43.457
1641437244.286,-5.859,18.066,348.633,-4.883,-75.195
1641437244.290,28.809,16.113,727.051,45.898,-54.688
1641437244.294,68.848,20.020,724.121,93.262,-10.254
1641437244.298,47.363,24.902,595.215,36.133,27.344
1641437244.302,7.812,27.832,512.695,-35.645,30.273
1641437244.306,35.645,26.367,374.023,18.555,-4.883
1641437244.310,61.035,18.555,239.746,86.426,-39.551
1641437244.313,40.527,17.578,-23.926,37.109,-73.730
1641437244.317,11.230,18.066,30.273,-33.691,-75.195
1641437244.321,19.531,18.066,229.004,0.000,-62.988
1641437244.325,50.781,22.949,251.465,77.148,-34.668
1641437244.329,51.270,28.320,297.852,108.398,-16.602
1641437244.330,19.043,20.996,287.598,28.809,4.883
1641437244.334,22.461,14.648,117.188,5.859,-18.555
1641437244.338,60.059,20.508,6.836,104.492,-20.996
1641437244.342,66.895,25.879,185.547,150.879,10.742
1641437244.346,23.926,26.367,208.496,59.570,1.953
1641437244.350,1.465,29.297,-83.496,-7.324,-46.875
1641437244.354,41.016,27.832,-399.902,111.328,-59.570
1641437244.357,65.918,27.832,-185.547,227.051,23.438
1641437244.361,32.715,29.297,230.957,175.293,40.527
1641437244.365,2.441,21.973,92.773,85.449,-2.441
1641437244.369,23.926,23.438,-97.168,86.914,-13.672
1641437244.373,46.875,23.926,108.887,151.367,11.719
1641437244.390,31.250,17.090,252.441,133.789,32.715
1641437244.394,-1.953,16.602,66.406,0.488,-12.207
1641437244.398,1.465,22.461,-329.590,-57.129,-81.055
1641437244.402,35.645,27.344,-308.105,23.438,-98.145
1641437244.406,41.016,24.902,282.715,35.156,-73.730
1641437244.410,12.207,21.973,197.266,-98.633,-85.449
1641437244.414,5.859,20.020,-36.621,-162.598,-97.656
1641437244.417,16.113,16.602,299.316,-99.609,-85.938
1641437244.421,15.625,15.625,563.477,-77.637,-63.965
1641437244.425,-14.648,12.695,308.105,-223.145,-134.277
1641437244.429,-38.574,7.812,82.031,-356.934,-228.516
1641437244.433,-15.137,3.418,355.469,-270.020,-177.246
1641437244.435,11.719,4.883,460.449,-175.293,-121.094
1641437244.439,-6.348,13.672,173.828,-257.324,-184.570
1641437244.443,-42.480,13.672,37.598,-366.211,-222.656
1641437244.447,-27.832,13.672,269.531,-337.891,-185.547
1641437244.451,3.906,14.160,495.117,-243.164,-167.480
1641437244.455,-14.160,13.184,466.797,-242.188,-170.410
1641437244.459,-20.996,14.160,272.949,-303.711,-180.664
1641437244.462,-17.090,15.137,312.500,-289.062,-175.781
1641437244.466,5.859,19.531,549.805,-177.246,-146.484
1641437244.470,11.230,25.391,372.070,-87.402,-167.969
1641437244.474,-31.250,27.344,362.793,-157.715,-154.785
1641437244.478,-24.902,26.367,526.855,-175.781,-110.840
1641437244.480,3.906,19.531,477.051,-23.926,-86.426
1641437244.484,15.625,19.043,559.570,84.961,-93.750
1641437244.488,-12.207,24.414,606.445,37.598,-120.117
1641437244.492,-29.297,26.367,408.691,-30.762,-136.230
1641437244.496,-12.695,24.902,172.852,17.578,-157.227
1641437244.500,17.578,22.461,221.680,94.727,-145.020
1641437244.504,-3.418,29.297,359.863,86.914,-86.914
1641437244.507,-35.156,30.273,336.426,41.504,-61.523
1641437244.511,-31.250,21.484,111.816,58.594,-89.844
1641437244.515,4.883,21.973,66.895,133.789,-79.590
1641437244.519,5.371,18.555,405.762,157.715,-33.203
1641437244.523,-33.691,14.160,310.059,84.961,-14.160
1641437244.540,-32.715,19.043,143.555,76.172,-24.414
1641437244.544,11.230,26.367,361.328,182.617,-5.371
1641437244.548,25.391,29.297,583.008,239.746,2.441
1641437244.552,-9.277,24.414,473.633,144.043,-25.391
1641437244.556,-20.020,22.461,282.715,77.637,-51.270
1641437244.560,15.137,22.949,271.973,164.551,-84.961
1641437244.564,29.297,24.414,469.238,238.281,-34.668
1641437244.567,-3.418,19.531,412.598,187.012,-18.555
1641437244.571,-24.414,15.625,218.262,131.836,-34.180
1641437244.575,7.812,20.996,340.332,188.477,-53.223
1641437244.579,42.480,23.926,617.676,277.832,-26.367
1641437244.583,21.973,15.625,584.961,259.766,-16.113
1641437244.570,-16.602,13.672,101.562,185.059,-37.598
1641437244.574,-18.555,20.020,90.820,192.871,5.859
1641437244.578,10.742,20.508,491.211,272.461,69.824
1641437244.582,0.000,15.625,533.203,284.180,100.098
1641437244.586,-30.762,13.672,354.980,190.918,45.898
1641437244.590,-23.438,16.602,139.648,167.969,7.812
1641437244.594,8.301,16.113,255.371,292.969,41.504
1641437244.597,22.949,19.043,386.719,361.816,52.734
1641437244.601,-2.930,18.555,283.691,268.555,94.238
1641437244.605,-17.578,9.277,178.223,218.750,146.973
1641437244.609,9.277,13.672,220.215,298.828,155.762
1641437244.613,37.109,16.113,153.320,377.441,134.766
1641437244.615,19.043,14.648,-88.867,332.520,110.352
1641437244.619,-1.465,16.602,17.578,231.445,105.469
1641437244.623,7.324,14.648,66.895,290.039,108.887
1641437244.627,32.227,14.160,146.484,384.766,168.945
1641437244.631,31.250,20.508,209.961,330.078,175.293
1641437244.635,-2.930,17.578,18.066,230.957,155.762
1641437244.639,1.465,10.254,-143.066,209.961,144.043
1641437244.642,37.109,10.742,-271.484,316.895,90.332
1641437244.646,48.340,12.207,-65.430,358.887,156.250
1641437244.650,18.555,12.695,188.477,200.195,200.195
1641437244.654,3.906,13.672,21.484,129.395,166.504
1641437244.658,40.527,18.066,-51.758,258.301,178.223
1641437244.661,64.941,26.367,138.672,338.379,199.707
1641437244.665,33.691,26.855,293.457,231.934,196.289
1641437244.669,12.695,19.531,32.227,137.695,136.230
1641437244.673,44.922,18.555,-46.875,192.383,125.000
1641437244.677,70.801,20.996,364.746,247.559,180.664
1641437244.681,43.945,23.438,375.977,179.688,173.340
1641437244.685,15.137,20.996,-14.648,78.125,111.328
1641437244.688,43.457,20.020,-125.488,107.422,82.031
1641437244.692,81.543,24.902,373.535,212.402,152.832
1641437244.696,62.500,22.949,688.477,216.309,219.238
1641437244.700,23.438,18.555,518.066,93.750,210.449
1641437244.704,33.691,17.578,452.148,53.711,193.848
1641437244.705,74.219,24.414,608.398,146.973,206.055
1641437244.709,73.242,22.461,737.793,177.246,243.652
1641437244.713,34.668,20.508,484.375,73.730,221.191
1641437244.717,31.738,20.996,302.246,30.273,204.590
1641437244.721,69.336,20.996,497.070,107.422,228.027
1641437244.725,90.332,21.484,539.551,151.855,269.531
1641437244.729,48.828,19.043,214.844,35.645,277.832
1641437244.732,20.996,13.184,5.371,-86.914,236.328
1641437244.736,54.199,10.254,365.234,-39.551,251.465
1641437244.740,80.566,9.766,504.395,27.832,226.562
1641437244.744,57.617,11.230,405.273,-31.738,232.910
1641437244.748,29.785,14.648,367.188,-160.156,269.043
1641437244.766,43.945,23.926,289.062,-171.387,248.047
1641437244.770,75.684,21.973,233.887,-84.961,234.863
1641437244.774,69.336,15.625,239.746,-90.820,235.840
1641437244.778,27.344,16.113,158.203,-212.891,206.055
1641437244.782,24.414,16.113,54.199,-256.348,193.848
1641437244.786,54.688,16.602,-104.004,-153.809,174.805
1641437244.790,62.012,18.555,-228.516,-87.891,146.973
1641437244.793,30.273,17.090,-117.188,-166.504,176.270
1641437244.797,18.555,12.695,-63.477,-168.945,173.340
1641437244.801,59.570,12.207,-232.422,-49.805,194.824
1641437244.805,83.984,14.160,-245.117,24.414,224.121
1641437244.809,56.152,14.648,26.855,-2.441,223.145
1641437244.811,33.691,15.137,-34.180,-50.293,193.848
1641437244.815,55.664,14.160,-139.648,22.949,181.152
1641437244.819,88.379,14.648,72.266,131.348,267.578
1641437244.823,73.242,15.625,208.496,117.188,271.484
1641437244.827,33.203,16.113,20.996,5.371,205.078
1641437244.831,42.480,14.648,-132.812,18.066,217.773
1641437244.835,73.242,16.113,-17.578,156.738,231.445
1641437244.838,71.777,15.625,240.234,176.758,259.766
1641437244.842,35.645,17.090,133.301,50.781,291.016
1641437244.846,30.762,19.043,-339.844,25.879,239.258
1641437244.850,65.918,15.625,-253.418,93.262,205.566
1641437244.854,83.984,21.484,364.258,139.160,266.602
1641437244.855,54.688,24.414,308.594,63.477,300.293
1641437244.859,40.527,20.020,23.438,-26.367,270.508
1641437244.863,66.406,21.973,105.957,25.879,263.184
1641437244.867,79.590,23.438,354.980,105.469,325.684
1641437244.871,46.875,21.973,308.594,46.875,338.379
1641437244.875,19.043,19.531,-2.441,-64.941,291.992
1641437244.879,40.527,22.949,-28.320,-31.250,276.855
1641437244.882,66.895,21.973,252.930,84.473,325.684
1641437244.886,57.617,15.625,285.645,79.102,350.098
1641437244.890,19.043,18.555,146.484,-15.625,322.266
1641437244.894,24.414,18.555,194.336,-8.301,278.809
1641437244.898,55.176,19.043,289.551,118.164,277.832
1641437244.900,49.316,19.043,132.812,137.695,272.949
1641437244.904,18.555,13.672,-158.203,8.789,230.469
1641437244.908,16.113,11.230,44.434,-7.812,275.391
1641437244.912,44.434,12.695,187.012,111.328,291.016
1641437244.916,65.430,16.113,208.496,175.781,283.203
1641437244.920,43.945,17.090,102.051,95.703,323.242
1641437244.924,20.996,5.859,-118.164,29.297,335.449
1641437244.927,43.457,6.836,-76.660,112.305,321.777
1641437244.931,67.383,13.672,-192.383,207.031,304.199
1641437244.935,42.480,15.625,-159.180,161.621,298.828
1641437244.939,11.230,19.531,-31.250,53.711,275.879
1641437244.943,26.855,14.160,-258.789,76.172,234.375
1641437244.946,53.711,15.137,-92.285,176.758,248.047
1641437244.950,47.852,14.160,20.020,150.391,248.047
1641437244.954,14.648,14.648,-164.551,20.996,206.055
1641437244.958,16.602,17.090,-371.094,-3.906,191.895
1641437244.962,47.363,16.113,-354.980,99.609,235.840
1641437244.966,45.898,13.184,-181.641,148.926,225.098
1641437244.970,13.184,8.301,-240.723,47.363,189.453
1641437244.973,6.836,3.418,-381.348,-1.953,187.988
1641437244.977,33.203,5.859,-499.023,97.168,136.719
1641437244.981,48.340,15.137,-21.973,186.523,201.660
1641437244.985,6.348,15.625,186.035,113.281,233.887
1641437244.989,-26.855,14.648,-125.000,22.461,183.105
1641437244.991,-1.465,19.531,-163.574,95.703,150.391
1641437244.995,24.414,20.508,61.523,197.266,140.137
1641437244.999,3.906,15.137,99.609,141.602,178.711
1641437245.003,-21.484,14.648,-129.395,31.250,164.062
1641437245.007,-5.859,18.555,-307.129,54.199,116.211
1641437245.011,20.996,18.555,-291.016,152.832,125.000
1641437245.015,17.578,18.066,-283.203,153.320,128.418
1641437245.018,-22.949,19.043,-718.262,52.246,59.082
1641437245.022,-21.484,24.902,-912.109,42.480,43.457
1641437245.026,17.578,29.297,-501.465,165.527,68.848
1641437245.030,13.672,25.391,-467.285,214.844,67.383
1641437245.034,-11.719,36.133,-741.699,113.770,65.430
1641437245.035,-11.719,39.551,-888.672,74.219,74.219
1641437245.039,-0.977,33.203,-963.379,146.484,87.402
1641437245.043,3.418,40.527,-957.520,211.426,85.938
1641437245.047,-28.809,49.805,-967.773,156.250,58.105
1641437245.051,-61.035,46.387,-970.703,38.574,41.992
1641437245.055,-40.039,41.504,-969.238,30.273,77.637
1641437245.059,-13.184,48.828,-970.215,118.164,96.191
1641437245.062,-39.062,54.199,-969.727,101.074,59.082
1641437245.066,-86.914,55.664,-969.727,-48.340,15.137
1641437245.070,-80.566,55.176,-969.727,-47.852,-6.836
1641437245.074,-48.340,48.340,-969.727,80.078,6.348
1641437245.078,-58.594,41.504,-969.727,82.520,34.180
1641437245.080,-104.004,41.016,-969.727,-36.133,40.527
1641437245.084,-110.840,46.875,-969.727,-52.734,28.320
1641437245.088,-68.359,53.711,-969.238,54.688,40.039
1641437245.092,-59.082,57.129,-969.727,110.352,72.754
1641437245.096,-96.191,54.688,-969.727,7.812,44.922
1641437245.100,-109.375,44.922,-969.727,-71.289,10.254
1641437245.104,-98.145,40.527,-969.727,-5.371,36.133
1641437245.107,-66.406,48.340,-969.727,80.078,46.387
1641437245.111,-65.918,44.434,-969.727,44.434,82.520
1641437245.115,-88.379,36.133,-969.727,-85.449,51.758
1641437245.119,-71.289,29.785,-969.727,-76.172,10.254
1641437245.123,-43.945,20.996,-969.727,41.504,16.113
1641437245.126,-40.527,15.625,-967.773,23.438,28.809
1641437245.130,-62.012,19.043,-963.867,-115.723,5.859
1641437245.134,-54.199,22.949,-981.445,-136.719,-2.930
1641437245.138,-10.254,29.297,-926.270,-27.832,32.715
1641437245.142,-3.418,27.344,-876.465,2.441,70.801
1641437245.146,-39.551,13.184,-948.730,-114.258,31.738
1641437245.150,-33.691,8.301,-993.164,-152.832,-30.762
1641437245.153,14.160,11.230,-811.523,-50.293,57.617
1641437245.157,33.691,11.719,-549.805,32.715,89.844
1641437245.161,10.742,13.672,-685.547,-26.367,27.832
1641437245.165,-0.488,12.207,-739.746,-90.820,14.648
1641437245.169,43.945,9.766,-501.953,-17.090,87.402
1641437245.185,78.125,11.719,-232.910,74.219,145.996
1641437245.189,44.922,3.418,-222.656,39.062,109.375
1641437245.193,12.207,-3.418,-325.195,-49.316,60.059
1641437245.197,29.297,0.977,-191.895,-35.156,72.266
1641437245.201,62.012,6.836,90.332,52.246,149.902
1641437245.205,54.199,4.883,-37.598,38.086,134.766
1641437245.209,23.438,2.930,-230.469,-85.449,128.418
1641437245.212,35.156,9.766,67.383,-98.145,143.066
1641437245.216,83.008,11.719,311.523,17.578,128.906
1641437245.220,93.262,4.883,301.270,62.500,138.184
1641437245.224,52.246,2.441,333.008,-43.945,148.926
1641437245.228,42.969,1.465,404.297,-101.562,187.988
1641437245.230,81.543,-4.395,449.219,-12.207,170.410
1641437245.234,101.074,-6.836,561.035,57.129,159.668
1641437245.238,73.242,-1.953,685.547,-11.230,210.449
1641437245.242,56.152,2.441,508.789,-97.656,132.324
1641437245.246,81.543,5.859,323.730,-31.738,83.496
1641437245.250,110.840,10.742,438.477,93.750,110.352
1641437245.254,92.285,11.230,581.543,78.613,111.816
1641437245.257,55.664,8.789,676.758,-18.066,147.949
1641437245.261,65.430,6.348,480.957,-9.277,122.070
1641437245.265,92.773,1.953,398.438,85.938,106.445
1641437245.269,82.031,1.465,812.988,99.121,145.996
1641437245.273,40.527,-1.465,840.820,-3.418,157.227
1641437245.275,39.062,-7.812,615.234,-33.203,149.902
1641437245.279,79.590,-8.301,688.965,65.918,167.969
1641437245.283,83.984,-4.883,914.551,116.699,186.523
1641437245.287,48.828,-4.883,848.633,26.855,150.391
1641437245.291,40.039,0.000,613.770,-26.855,127.930
1641437245.295,67.871,2.930,514.648,52.734,127.441
1641437245.299,93.262,5.371,623.535,153.809,159.668
1641437245.302,74.219,5.371,719.727,125.488,166.992
1641437245.306,51.270,2.441,307.129,38.574,113.770
1641437245.310,70.312,3.906,200.684,77.637,119.141
1641437245.314,98.633,4.883,771.973,179.199,204.590
1641437245.318,79.102,-3.418,824.707,155.762,231.445
1641437245.320,42.480,-5.859,580.078,48.340,182.617
1641437245.324,56.152,1.953,640.625,52.246,170.898
1641437245.328,82.031,6.348,833.008,147.949,196.777
1641437245.332,78.613,8.301,835.938,164.551,204.590
1641437245.336,41.016,11.230,711.914,62.012,164.551
1641437245.340,23.926,11.719,528.320,32.227,177.246
1641437245.344,58.594,8.301,606.934,123.535,208.984
1641437245.347,75.195,10.254,675.293,180.176,194.336
1641437245.351,33.691,6.836,416.992,81.543,179.199
1641437245.355,11.719,4.395,519.043,2.441,200.195
1641437245.359,39.062,6.836,681.152,80.566,214.355
1641437245.363,56.641,2.930,659.668,164.062,205.078
1641437245.380,33.203,1.953,673.828,111.328,200.195
1641437245.384,2.441,12.207,736.328,7.324,206.543
1641437245.388,24.902,13.672,718.262,48.828,166.016
1641437245.392,59.570,9.766,831.543,189.453,156.250
1641437245.396,42.480,13.672,943.359,191.895,200.195
1641437245.400,8.301,13.672,763.672,80.078,187.500
1641437245.404,18.066,5.859,595.703,55.176,147.461
1641437245.407,57.617,7.324,470.703,136.230,185.059
1641437245.411,65.918,16.602,617.676,170.410,212.402
1641437245.415,27.832,12.695,859.375,62.500,190.430
1641437245.419,23.926,13.184,686.035,12.695,165.527
1641437245.423,60.547,19.043,645.020,87.402,170.898
1641437245.411,70.312,21.973,768.555,126.465,184.570
1641437245.415,46.387,24.414,783.203,43.457,178.223
1641437245.419,28.320,20.996,574.707,-33.203,142.578
1641437245.423,53.711,16.113,458.008,10.254,160.156
1641437245.427,80.566,16.113,693.848,94.238,206.543
1641437245.431,55.176,14.160,604.004,59.082,165.527
1641437245.435,29.297,10.742,147.461,-43.945,131.836
1641437245.438,38.574,7.812,97.168,-25.879,166.016
1641437245.442,59.082,5.371,448.730,81.543,204.102
1641437245.446,55.664,6.836,551.270,90.820,203.613
1641437245.450,23.438,5.371,150.879,-18.555,156.738
1641437245.454,20.020,8.301,-139.648,-45.898,101.074
1641437245.470,58.594,12.207,244.141,64.941,176.270
1641437245.474,60.547,10.742,413.574,116.699,186.523
1641437245.478,22.949,8.789,157.227,9.766,112.793
1641437245.482,15.625,7.324,-6.348,-52.734,132.324
1641437245.486,46.387,8.789,133.301,24.414,151.855
1641437245.490,54.688,14.648,173.828,81.543,148.926
1641437245.494,23.438,9.277,-148.438,8.301,126.953
1641437245.497,9.766,1.465,-384.277,-68.359,100.098
1641437245.501,38.086,14.160,8.789,-19.531,162.598
1641437245.505,67.383,21.484,244.629,65.918,176.758
1641437245.509,56.641,23.926,205.566,26.367,129.395
1641437245.513,30.273,24.414,119.141,-90.332,63.965
1641437245.515,39.062,21.484,142.090,-77.148,82.031
1641437245.519,72.266,18.555,221.680,31.738,136.230
1641437245.523,64.941,15.137,250.977,15.625,159.668
1641437245.527,20.508,21.484,173.340,-128.418,115.723
1641437245.531,19.043,25.879,12.695,-166.504,68.359
1641437245.535,60.059,18.555,-54.199,-78.125,84.473
1641437245.539,70.312,10.742,20.020,-28.809,87.402
1641437245.542,26.367,12.207,83.984,-126.953,45.410
1641437245.546,13.184,14.160,46.875,-189.941,1.465
1641437245.550,45.410,17.090,-114.258,-100.098,-7.324
1641437245.554,59.570,20.020,-301.758,-13.672,-19.531
1641437245.558,36.133,20.020,-38.574,-61.523,17.090
1641437245.560,12.207,17.090,46.387,-151.367,18.555
1641437245.564,30.762,18.066,-110.352,-102.539,-21.484
1641437245.568,56.641,16.113,68.359,16.602,31.250
1641437245.572,32.227,11.230,230.469,22.461,46.387
1641437245.576,3.906,14.648,132.324,-43.457,30.762
1641437245.580,20.996,12.207,-60.547,-20.996,21.484
1641437245.584,53.223,10.742,-22.949,89.844,4.883
1641437245.587,52.246,19.531,232.910,114.258,23.438
1641437245.591,15.137,20.020,161.621,-5.859,7.324
1641437245.595,10.742,19.531,-354.004,-56.152,-62.500
1641437245.599,43.945,23.926,-291.504,32.227,-44.434
1641437245.603,53.711,25.391,314.941,97.656,-4.395
1641437245.605,17.090,24.414,247.070,12.207,-23.926
1641437245.609,-1.953,22.461,26.855,-63.477,-18.066
1641437245.613,39.551,22.949,176.758,16.602,14.648
1641437245.617,62.988,25.879,405.273,110.840,66.895
1641437245.621,28.320,20.020,327.637,58.594,72.266
1641437245.625,-3.906,18.066,8.301,-49.316,10.742
1641437245.629,9.277,24.414,-25.391,-19.043,13.184
1641437245.632,34.180,27.344,291.016,93.750,51.758
1641437245.636,23.438,24.414,229.004,103.516,44.434
1641437245.640,-13.672,21.973,-128.906,3.418,52.734
1641437245.644,-13.672,19.531,65.430,-12.695,42.480
1641437245.648,23.438,21.973,249.023,97.656,86.426
1641437245.650,28.809,22.461,220.215,153.809,132.324
1641437245.654,-8.789,20.020,114.258,70.312,92.285
1641437245.658,-17.090,20.508,84.473,42.480,95.703
1641437245.662,13.184,15.625,190.918,128.418,185.547
1641437245.666,22.461,8.789,246.582,187.500,210.938
1641437245.670,-8.789,10.254,62.012,130.371,146.484
1641437245.674,-22.461,14.648,-78.125,54.688,131.836
1641437245.677,5.859,14.648,72.266,121.582,169.434
1641437245.681,27.832,20.508,-23.438,224.609,193.848
1641437245.685,16.113,23.438,12.695,196.289,204.102
1641437245.689,-15.137,18.066,149.414,110.352,196.289
1641437245.693,-6.348,15.137,12.695,146.484,162.109
1641437245.718,31.250,8.789,171.875,280.762,195.312
1641437245.722,24.902,11.719,365.234,295.410,228.516
1641437245.726,-13.184,17.578,220.703,172.852,191.895
1641437245.730,-6.836,9.277,-29.785,142.090,167.969
1641437245.734,39.062,7.324,20.020,234.375,190.430
1641437245.738,53.223,17.090,173.340,266.602,230.957
1641437245.742,19.043,25.391,69.824,152.832,196.777
1641437245.745,8.301,26.367,-66.406,96.191,162.598
1641437245.749,40.527,21.484,-5.859,172.852,169.434
1641437245.753,60.547,22.461,303.223,227.539,243.652
1641437245.757,30.273,20.996,375.488,161.133,258.789
1641437245.761,2.441,15.625,-104.004,81.055,197.754
1641437245.740,26.367,17.090,-315.918,124.512,217.285
1641437245.744,51.758,21.484,152.832,215.820,252.930
1641437245.748,26.855,13.672,288.086,185.059,251.465
1641437245.752,-3.418,10.254,-45.898,67.383,202.637
1641437245.756,7.812,16.113,-259.766,67.871,187.012
1641437245.760,35.156,13.672,-91.309,176.270,219.238
1641437245.764,36.133,15.625,-41.992,197.754,216.797
1641437245.767,3.906,21.484,-211.426,90.332,218.750
1641437245.771,4.883,20.996,-260.254,68.359,210.938
1641437245.775,46.875,24.414,-112.305,163.574,190.430
1641437245.779,56.152,29.785,3.418,207.031,190.430
1641437245.783,13.672,24.902,-378.906,120.117,114.258
1641437245.785,-4.883,23.926,-771.484,66.895,51.758
1641437245.789,23.926,20.996,-683.105,157.227,82.520
1641437245.793,53.223,17.578,-243.652,249.512,134.277
1641437245.797,25.391,25.391,171.875,206.543,155.762
1641437245.801,-9.277,27.344,179.688,126.953,145.996
1641437245.805,15.137,21.973,41.504,166.016,153.809
1641437245.809,47.852,20.508,-20.996,264.160,212.891
1641437245.812,28.320,20.020,-144.043,243.164,201.172
1641437245.816,-7.324,20.996,-79.102,128.418,117.188
1641437245.820,2.441,23.438,71.289,123.535,151.855
1641437245.824,39.551,21.973,7.324,222.168,171.387
1641437245.828,39.062,20.508,58.594,220.703,193.848
1641437245.830,-1.953,16.602,154.785,98.145,216.309
1641437245.834,-8.789,10.742,58.105,53.711,174.316
1641437245.838,24.414,12.207,9.766,121.582,157.227
1641437245.842,41.992,15.625,175.293,181.641,181.152
1641437245.846,12.695,16.602,149.414,82.520,196.289
1641437245.850,-6.836,19.043,-89.355,-20.996,204.102
1641437245.854,24.902,19.531,-414.551,35.645,158.203
1641437245.857,52.734,16.602,-240.234,118.164,149.902
1641437245.861,28.320,15.137,161.621,66.406,154.785
1641437245.865,-1.953,15.625,-33.691,-41.992,105.957
1641437245.869,22.461,17.578,-205.078,-4.883,110.352
1641437245.873,60.547,14.648,48.340,122.559,167.969
1641437245.876,45.410,13.672,291.992,124.023,185.059
1641437245.880,5.859,13.184,1.953,9.277,113.281
1641437245.884,13.184,14.648,-242.676,-20.508,80.078
1641437245.888,50.781,22.461,61.523,70.801,113.770
1641437245.892,52.246,20.996,285.156,114.746,108.398
1641437245.896,13.672,16.602,-108.398,1.465,41.016
1641437245.900,12.695,16.602,-378.418,-59.082,20.996
1641437245.903,49.805,20.020,-17.578,5.371,41.016
1641437245.907,68.359,19.043,208.496,51.758,81.055
1641437245.911,37.598,15.625,-52.246,-33.691,78.613
1641437245.915,15.137,20.020,-304.688,-129.395,58.594
1641437245.919,40.039,22.461,-202.637,-67.871,47.852
1641437245.935,69.824,11.719,-74.707,41.992,47.363
1641437245.939,64.941,6.348,-171.387,33.203,76.172
1641437245.943,49.805,19.531,-372.559,-47.363,54.199
1641437245.947,45.410,31.738,-325.195,-51.270,46.875
1641437245.951,62.012,30.762,-217.285,45.898,59.082
1641437245.955,65.430,25.391,-520.508,69.824,66.895
1641437245.959,21.973,25.879,-908.203,-50.781,30.273
1641437245.962,26.855,24.414,-710.449,-72.266,41.992
1641437245.966,77.148,24.902,-555.176,41.016,60.547
1641437245.970,86.426,28.320,-532.715,89.844,52.734
1641437245.974,44.434,23.438,-469.238,-17.090,81.543
1641437245.978,26.855,20.996,-545.898,-81.543,52.246
1641437245.980,61.035,22.949,-585.938,0.000,74.219
1641437245.984,83.008,23.926,-456.543,75.684,94.238
1641437245.988,49.316,22.949,-349.121,11.230,43.945
1641437245.992,19.531,16.113,-456.055,-77.637,16.113
1641437245.996,43.945,12.695,-678.223,-21.484,-15.137
1641437246.000,75.195,17.090,-609.863,88.867,-7.812
1641437246.004,57.617,8.789,-412.109,80.566,20.020
1641437246.007,28.320,1.953,-353.516,-20.508,-10.742
1641437246.011,33.691,12.207,-476.074,-13.184,-19.531
1641437246.015,61.523,17.090,-455.566,100.586,20.996
1641437246.019,62.012,14.648,-71.289,125.977,43.457
1641437246.023,17.090,9.766,-5.859,19.043,76.172
1641437246.055,10.742,10.254,-166.992,-16.113,51.270
1641437246.059,40.039,14.160,-51.270,84.961,53.711
1641437246.063,48.340,13.184,184.082,144.043,76.172
1641437246.067,17.090,12.207,99.121,62.012,53.223
1641437246.071,1.465,8.789,-41.504,2.930,72.266
1641437246.075,31.738,2.930,-55.176,81.055,84.473
1641437246.079,58.594,6.836,77.148,170.898,115.234
1641437246.082,37.598,18.555,164.551,136.230,133.789
1641437246.086,13.184,17.578,-180.176,53.711,105.957
1641437246.090,31.738,19.531,-189.941,79.590,115.723
1641437246.094,68.359,24.902,326.172,164.062,124.512
1641437246.098,61.035,18.066,304.199,134.766,68.848
1641437246.070,28.809,16.602,50.781,13.184,52.246
1641437246.074,32.227,19.531,58.105,-8.789,64.941
1641437246.078,62.012,24.414,228.027,81.055,125.000
1641437246.082,61.523,24.902,264.160,100.098,208.008
1641437246.086,15.625,15.625,67.871,-21.973,152.832
1641437246.090,11.719,15.625,-162.598,-72.266,113.770
1641437246.094,50.293,21.973,-95.703,16.602,130.859
1641437246.097,58.105,24.414,11.230,81.055,114.746
1641437246.101,22.461,27.832,-64.941,3.418,115.234
1641437246.105,7.812,24.902,-169.922,-74.707,98.633
1641437246.109,31.250,21.484,-218.750,-10.254,69.824
1641437246.113,58.105,24.414,-98.633,74.707,137.695
1641437246.115,35.645,23.926,-96.680,17.090,186.035
1641437246.119,-2.441,20.996,-192.383,-94.727,120.605
1641437246.123,20.020,12.695,-182.129,-62.988,95.703
1641437246.127,47.852,2.930,-339.355,51.270,74.707
1641437246.131,30.762,14.160,-518.555,47.852,89.355
1641437246.135,-1.953,26.855,-439.941,-51.270,111.816
1641437246.139,-2.441,22.461,-484.375,-67.871,52.246
1641437246.142,27.832,15.625,-567.871,29.297,13.672
1641437246.146,28.320,8.301,-396.484,79.590,0.488
1641437246.150,-13.184,7.812,-109.375,-5.371,20.020
1641437246.154,-18.066,11.719,-202.637,-48.340,43.945
1641437246.158,16.602,16.113,-224.121,30.273,42.969
1641437246.161,33.203,18.555,-29.785,114.746,66.406
1641437246.165,8.301,18.066,5.859,62.012,70.312
1641437246.169,-9.766,12.207,-283.203,-4.883,0.000
1641437246.173,19.043,15.137,-347.168,65.918,-10.742
1641437246.177,42.480,21.973,2.441,148.438,40.039
1641437246.181,21.484,18.555,71.777,108.887,34.668
1641437246.185,0.000,19.531,-205.566,19.043,1.953
1641437246.188,20.996,18.555,-400.391,31.250,-4.395
1641437246.192,62.012,21.973,-23.438,133.301,50.293
1641437246.196,52.734,22.461,296.875,137.695,80.078
1641437246.200,3.418,13.672,62.988,13.672,27.832
1641437246.204,2.441,11.230,-216.797,-13.672,-17.578
1641437246.205,39.551,16.113,-129.395,83.984,18.066
1641437246.209,46.387,15.625,77.637,124.023,65.430
1641437246.213,10.254,6.836,-29.785,8.789,36.621
1641437246.217,6.836,3.906,-270.996,-59.570,-0.488
1641437246.221,34.180,12.695,-146.484,22.461,36.621
1641437246.225,50.293,22.949,-18.555,100.586,81.055
1641437246.229,26.855,28.809,-322.266,38.574,65.918
1641437246.232,-0.977,26.855,-546.875,-65.918,-5.371
1641437246.236,19.531,22.461,-220.215,-15.137,24.414
1641437246.240,47.363,18.555,-4.395,92.285,82.520
1641437246.244,32.227,20.508,-45.410,69.336,95.215
1641437246.248,-1.465,20.996,-116.211,-37.109,47.363
1641437246.265,12.207,20.996,-104.980,-36.621,12.695
1641437246.269,51.270,10.742,-86.426,68.359,-7.812
1641437246.273,49.805,7.324,-67.383,99.121,12.695
1641437246.277,13.672,20.508,-27.344,-1.953,52.246
1641437246.281,20.996,30.273,-100.098,-40.039,43.457
1641437246.285,59.082,25.391,-265.625,51.758,68.848
1641437246.289,60.547,17.578,-271.484,122.070,97.656
1641437246.292,23.438,20.020,-121.094,34.180,75.195
1641437246.296,7.812,17.578,-79.102,-47.363,48.340
1641437246.300,36.133,15.137,-223.633,30.762,38.574
1641437246.304,55.176,13.672,-263.184,106.445,9.766
1641437246.308,26.367,9.766,36.621,41.504,64.453
1641437246.310,1.465,7.812,-5.371,-53.223,72.754
1641437246.314,27.344,18.555,-142.578,-17.578,28.809
1641437246.318,62.012,23.926,29.297,82.031,66.406
1641437246.322,48.828,18.555,128.906,65.918,43.945
1641437246.326,11.719,17.578,-41.016,-37.109,-18.066
1641437246.330,17.578,18.066,-187.988,-26.367,7.324
1641437246.334,50.293,20.508,-108.398,80.566,36.621
1641437246.337,51.270,20.508,56.152,102.051,39.551
1641437246.341,14.160,18.555,-1.465,4.395,43.457
1641437246.345,3.418,20.020,-454.102,-41.016,18.555
1641437246.349,35.156,16.602,-395.996,31.738,44.434
1641437246.353,42.480,18.066,184.082,79.102,123.535
1641437246.355,11.230,20.996,136.230,-4.883,132.812
1641437246.359,-6.348,18.066,-95.215,-76.172,106.445
1641437246.363,19.043,23.438,-14.648,-11.230,92.285
1641437246.367,41.992,18.555,171.875,87.891,75.195
1641437246.371,9.277,9.766,86.426,54.199,54.688
1641437246.375,-20.996,16.602,-210.938,-61.523,20.508
1641437246.379,0.488,20.996,-286.133,-42.969,-29.297
1641437246.382,32.715,10.742,15.137,72.266,-15.625
1641437246.386,22.949,7.324,-2.930,66.406,12.695
1641437246.390,-3.418,14.648,-347.656,-44.922,-15.625
1641437246.394,7.812,20.020,-186.523,-52.246,-33.203
1641437246.398,44.922,19.531,-12.695,62.988,0.000
1641437246.401,48.828,19.043,-29.297,110.840,3.906
1641437246.405,13.184,23.438,-125.977,15.137,-7.324
1641437246.409,6.348,26.855,-124.023,-34.180,24.414
1641437246.413,36.133,23.438,-47.363,58.105,23.438
1641437246.417,54.199,21.484,67.383,146.484,41.016
1641437246.421,25.391,17.578,-72.754,83.496,-31.250
1641437246.425,4.883,9.277,-225.098,-14.160,-30.762
1641437246.428,30.273,15.625,-76.660,28.320,-3.906
1641437246.432,52.246,18.066,-210.449,114.746,-39.551
1641437246.436,34.668,13.672,-158.691,97.168,21.484
1641437246.440,4.395,19.043,44.434,13.672,70.312
1641437246.444,16.602,21.484,-73.730,27.832,67.383
1641437246.446,47.363,20.508,-15.625,134.766,56.152
1641437246.450,41.016,20.020,146.484,142.090,84.961
1641437246.454,-3.418,14.648,-17.090,33.691,44.434
1641437246.458,-10.742,12.695,-215.332,15.625,16.113
1641437246.462,20.508,10.254,-55.176,107.422,58.105
1641437246.466,28.320,6.348,112.793,166.504,114.746
1641437246.470,-0.977,12.207,14.160,70.312,158.691
1641437246.473,-15.625,13.672,-257.324,-15.625,64.453
1641437246.477,18.066,19.043,-524.902,55.664,-22.949
1641437246.481,43.457,23.926,-157.227,137.207,37.598
1641437246.485,13.184,18.066,112.305,73.242,51.270
1641437246.489,-5.859,18.066,-189.453,-33.691,-44.434
1641437246.490,12.207,24.414,-248.535,-12.695,-16.602
1641437246.494,30.273,28.320,-0.488,70.312,50.781
1641437246.498,25.391,26.855,14.648,41.504,48.340
1641437246.502,0.977,11.230,-333.008,-67.383,9.766
1641437246.506,11.719,6.836,-470.215,-48.828,-6.836
1641437246.510,55.176,21.484,-349.609,79.590,46.387
1641437246.514,55.176,22.949,-221.680,119.141,88.867
1641437246.517,15.625,17.090,-471.680,28.320,58.594
1641437246.521,14.160,19.043,-551.270,-11.230,63.965
1641437246.525,53.223,20.508,-35.645,66.895,92.773
1641437246.529,68.848,18.066,144.043,138.672,100.098
1641437246.533,31.250,17.578,-3.906,59.570,101.074
1641437246.550,19.531,17.578,-65.430,-19.043,67.383
1641437246.554,46.387,14.648,51.270,43.945,25.391
1641437246.558,62.500,13.184,151.855,115.234,29.297
1641437246.562,34.180,15.137,114.258,52.246,40.527
1641437246.566,2.930,16.113,8.789,-65.918,35.156
1641437246.570,19.531,15.137,-168.945,-67.383,35.156
1641437246.574,45.410,14.648,-164.062,-0.488,24.902
1641437246.577,33.691,17.090,-94.238,-20.508,41.016
1641437246.581,-2.441,21.484,-183.594,-101.074,25.879
1641437246.585,0.000,25.391,-141.602,-114.258,-2.930
1641437246.589,31.250,25.879,-145.508,-47.363,-6.348
1641437246.593,35.156,21.973,-286.133,-14.160,5.859
1641437246.580,-4.883,20.996,-135.254,-127.441,35.156
1641437246.584,-11.719,24.902,-62.988,-198.730,20.508
1641437246.588,29.785,24.902,-71.289,-117.676,23.926
1641437246.592,46.875,23.926,67.383,-46.387,23.926
1641437246.596,15.137,25.879,81.543,-104.004,56.641
1641437246.600,-7.812,19.043,-198.730,-174.316,65.918
1641437246.604,14.160,20.020,-393.066,-126.953,-9.277
1641437246.607,34.180,20.508,-160.645,-38.086,-19.531
1641437246.611,14.648,10.254,-22.949,-69.336,-2.930
1641437246.615,-4.883,8.301,-203.125,-153.809,8.789
1641437246.619,12.695,16.113,-621.094,-113.770,-13.184
1641437246.623,49.316,21.973,-538.086,22.461,26.367
1641437246.626,48.340,27.832,25.391,65.918,87.402
1641437246.630,6.836,31.250,-58.105,-4.883,46.875
1641437246.634,6.836,24.902,-176.758,3.906,36.133
1641437246.638,46.387,23.926,45.410,123.047,64.941
1641437246.642,48.340,24.902,207.031,187.500,68.848
1641437246.646,6.836,22.949,-124.023,84.473,29.785
1641437246.650,1.953,19.531,-534.180,21.973,22.949
1641437246.653,38.574,19.531,-218.262,102.539,70.312
1641437246.657,56.152,25.391,104.004,170.410,73.242
1641437246.661,21.484,21.484,29.785,110.840,45.898
1641437246.665,-9.277,16.113,-126.465,24.414,17.578
1641437246.669,20.020,19.043,-66.895,81.055,53.223
1641437246.685,55.664,21.484,170.898,184.570,104.980
1641437246.689,32.715,16.113,171.875,154.297,116.211
1641437246.693,-4.883,12.695,-4.395,57.617,58.594
1641437246.697,12.695,12.695,-5.859,74.219,45.410
1641437246.701,50.781,6.836,243.652,180.176,107.910
1641437246.705,41.992,7.324,35.156,163.574,94.727
1641437246.709,2.441,12.695,-315.918,34.180,68.359
1641437246.712,5.859,16.602,-54.688,15.625,95.703
1641437246.716,43.945,16.602,104.980,107.910,100.098
1641437246.720,56.152,14.648,129.395,150.391,124.023
1641437246.724,25.879,15.625,120.117,47.363,159.180
1641437246.728,10.254,12.207,-44.434,-32.715,125.488
1641437246.730,40.039,15.625,-201.660,34.180,112.793
1641437246.734,62.500,20.508,-228.516,106.445,115.234
1641437246.738,40.039,15.137,-156.738,42.969,111.816
1641437246.742,9.766,13.672,-272.949,-67.871,119.141
1641437246.746,27.344,19.043,-509.277,-26.855,147.461
1641437246.750,61.035,23.438,-528.320,93.750,173.828
1641437246.754,41.992,20.508,-361.328,90.332,183.105
1641437246.757,8.301,16.602,-291.504,-1.465,189.453
1641437246.761,17.578,17.578,-539.062,-2.441,131.348
1641437246.765,48.828,16.113,-643.066,110.840,114.746
1641437246.769,43.945,16.113,-235.840,158.203,165.039
1641437246.773,4.395,16.113,-160.645,69.336,158.203
1641437246.775,-3.906,14.160,-322.266,32.227,124.023
1641437246.779,28.809,11.230,-272.949,116.211,82.031
1641437246.783,48.828,4.883,17.090,187.988,103.516
1641437246.787,16.602,9.766,38.574,105.469,123.535
1641437246.791,3.418,19.043,-180.664,25.391,82.520
1641437246.795,35.645,23.926,-261.719,93.262,58.594
1641437246.799,56.641,30.273,-190.918,172.363,71.777
1641437246.802,29.297,26.855,-70.801,118.652,92.285
1641437246.806,3.906,23.926,-340.820,17.578,59.570
1641437246.810,26.855,26.367,-426.270,27.344,71.289
1641437246.814,59.570,26.855,121.582,86.914,142.578
1641437246.818,45.410,25.391,253.418,37.598,121.094
1641437246.820,9.766,21.484,55.176,-94.238,34.668
1641437246.824,17.090,14.160,109.863,-130.371,22.461
1641437246.828,51.270,22.461,299.805,-41.504,66.895
1641437246.832,54.688,32.227,275.391,-6.348,3.418
1641437246.836,15.625,23.438,183.105,-125.000,-65.918
1641437246.840,5.859,19.043,76.172,-180.176,-71.777
1641437246.844,43.457,24.414,138.184,-73.730,-62.500
1641437246.847,62.988,22.949,223.633,0.488,-68.359
1641437246.851,26.855,18.555,92.773,-154.785,-93.750
1641437246.855,2.441,20.020,97.656,-273.926,-134.277
1641437246.859,27.344,21.973,259.766,-161.621,-135.742
1641437246.863,49.316,18.555,373.047,-41.504,-130.859
1641437246.865,25.879,9.277,378.906,-63.477,-191.895
1641437246.869,-9.766,8.789,349.609,-162.109,-237.305
1641437246.873,5.371,14.160,250.488,-142.090,-242.676
1641437246.877,39.062,20.020,355.469,-40.039,-165.039
1641437246.881,29.297,20.996,458.008,-41.504,-144.043
1641437246.885,-3.418,20.020,259.766,-138.184,-191.895
1641437246.889,11.230,18.555,96.680,-139.160,-180.664
1641437246.892,33.691,14.648,-41.504,-56.641,-206.055
1641437246.896,19.531,15.625,81.543,-36.621,-224.121
1641437246.900,-10.254,14.160,309.082,-132.812,-172.852
1641437246.904,-17.090,8.301,16.602,-199.707,-179.688
1641437246.908,20.508,11.230,-26.367,-132.324,-143.555
1641437246.910,46.875,18.066,68.848,-71.289,-113.281
1641437246.914,10.254,19.043,17.090,-130.859,-135.254
1641437246.918,-8.789,19.043,-174.805,-203.613,-145.996
1641437246.922,22.461,19.531,-325.195,-138.672,-112.305
1641437246.926,47.852,20.020,-32.227,-14.160,-51.270
1641437246.930,29.297,20.996,19.531,-36.133,-9.766
1641437246.934,-5.371,19.043,-397.461,-144.043,-55.176
1641437246.937,0.488,17.578,-615.723,-127.930,-72.266
1641437246.941,31.738,16.602,-235.352,-23.438,19.531
1641437246.945,34.668,12.207,13.672,8.789,44.922
1641437246.949,3.418,14.160,-245.117,-67.383,-0.488
1641437246.953,2.930,24.414,-412.109,-60.059,-2.441
1641437246.954,39.062,29.785,-230.469,54.688,48.828
1641437246.958,43.457,29.297,-70.801,114.746,104.980
1641437246.962,2.441,25.879,-141.602,34.180,112.793
1641437246.966,-15.137,24.902,-349.121,-15.625,70.312
1641437246.970,10.742,20.508,-305.664,77.148,76.660
1641437246.974,28.320,14.648,-193.359,159.180,96.191
1641437246.978,-0.977,9.277,-591.797,95.215,44.434
1641437246.981,-19.531,12.207,-832.520,-2.441,39.551
1641437246.985,6.836,21.484,-435.547,46.387,41.504
1641437246.989,36.133,20.996,-223.633,185.059,48.828
1641437246.993,19.531,22.461,-199.219,197.266,84.961
1641437246.997,-19.531,26.367,-227.051,88.379,65.918
1641437247.015,-6.348,25.879,-252.441,78.125,61.523
1641437247.019,27.344,18.066,-229.492,184.570,102.051
1641437247.023,20.996,14.160,-161.621,238.281,144.043
1641437247.027,-13.184,15.137,-143.555,156.250,127.441
1641437247.031,-13.184,10.254,-244.141,111.328,109.375
1641437247.035,25.879,17.090,-450.684,178.711,87.891
1641437247.039,44.922,21.973,-548.828,231.934,85.449
1641437247.042,9.766,20.996,-334.473,146.484,120.117
1641437247.046,-8.789,21.973,-312.012,62.500,121.094
1641437247.050,25.879,18.555,-430.664,126.953,113.281
1641437247.054,53.711,17.090,-304.199,208.008,125.977
1641437247.058,29.785,16.602,-186.523,156.250,146.973
1641437247.060,0.000,14.160,-296.387,55.176,165.039
1641437247.064,21.973,10.742,-432.129,70.312,106.934
1641437247.068,61.035,9.766,-369.141,166.992,91.797
1641437247.072,51.270,16.602,-243.652,150.391,111.816
1641437247.076,14.160,21.484,-366.211,32.715,84.473
1641437247.080,14.160,21.484,-609.375,26.367,24.902
1641437247.084,46.387,20.020,-604.980,134.766,4.395
1641437247.087,51.758,16.602,-300.781,175.293,36.133
1641437247.091,15.625,15.625,-300.293,69.336,45.410
1641437247.095,6.348,15.137,-803.223,20.020,-5.859
1641437247.099,37.109,15.625,-745.117,123.047,-1.953
1641437247.103,51.270,17.578,-137.207,205.078,66.406
1641437247.106,20.508,11.230,-146.973,131.836,28.320
1641437247.110,-1.465,3.418,-289.551,44.922,-7.324
1641437247.114,26.855,7.812,-152.344,98.633,24.902
1641437247.118,56.641,13.672,42.969,180.664,78.613
1641437247.122,35.645,14.160,49.805,137.207,84.961
1641437247.126,-0.977,14.160,-178.223,22.949,60.059
1641437247.130,13.184,17.578,-251.465,24.902,55.176
1641437247.133,51.758,19.531,4.395,116.211,26.367
1641437247.137,50.781,19.531,51.270,102.539,-2.441
1641437247.141,14.160,20.508,-233.398,-21.973,-10.742
1641437247.145,17.578,19.043,17.578,-53.711,36.621
1641437247.149,61.523,13.672,198.242,37.598,33.203
1641437247.149,69.336,17.578,72.266,61.035,23.926
1641437247.153,31.250,27.832,74.707,-86.426,28.320
1641437247.157,22.949,28.320,48.340,-191.895,23.438
1641437247.161,55.176,25.879,26.367,-140.625,-15.137
1641437247.165,71.289,29.297,112.793,-83.496,-60.059
1641437247.169,38.086,29.785,-38.574,-172.852,-47.852
1641437247.173,6.836,28.809,-236.328,-274.902,-70.312
1641437247.176,31.250,30.762,-22.949,-227.051,-60.059
1641437247.180,60.059,25.391,-182.617,-137.207,-81.055
1641437247.184,41.504,21.973,-231.934,-135.254,-106.445
1641437247.188,6.348,21.484,90.332,-199.219,-61.523
1641437247.192,10.742,23.926,48.828,-175.293,-51.758
1641437247.195,46.875,31.738,95.215,-49.316,-35.645
1641437247.199,44.922,27.832,234.375,-21.484,-18.555
1641437247.203,-0.977,22.461,81.543,-107.910,-36.133
1641437247.207,-10.254,22.461,-204.102,-108.398,-72.266
1641437247.211,28.320,23.926,-173.828,3.906,-65.430
1641437247.215,31.250,20.020,52.734,100.098,9.766
1641437247.219,-9.766,10.742,71.289,41.504,61.523
1641437247.222,-20.508,11.719,-119.629,14.648,68.359
1641437247.226,11.719,19.531,-289.551,141.602,55.176
1641437247.230,33.691,22.461,47.852,235.840,36.621
1641437247.234,12.695,22.461,234.375,204.590,62.500
1641437247.238,-15.625,20.020,10.254,131.348,87.402
1641437247.240,6.348,15.137,-45.410,180.664,112.793
1641437247.244,40.039,16.113,197.754,307.129,116.699
1641437247.248,29.297,19.043,317.871,297.852,150.879
1641437247.252,-0.977,21.973,80.566,188.477,168.945
1641437247.256,7.812,19.043,-27.832,186.523,164.551
1641437247.260,39.062,13.184,41.504,290.527,207.031
1641437247.264,40.527,14.160,12.695,322.754,221.191
1641437247.267,-0.977,18.066,-257.324,217.773,208.008
1641437247.271,-12.207,18.555,-238.281,162.109,237.793
1641437247.275,26.367,16.602,175.781,232.422,275.879
1641437247.279,41.016,15.137,241.211,274.902,246.582
1641437247.283,11.230,11.719,-5.371,195.312,203.125
1641437247.285,-3.906,17.090,-7.812,118.164,215.820
1641437247.289,21.973,24.414,255.859,155.762,220.703
1641437247.293,47.363,24.414,284.180,198.730,212.402
1641437247.297,26.367,20.996,161.621,133.789,183.594
1641437247.301,-2.930,13.184,141.113,38.574,196.289
1641437247.305,15.137,16.602,82.031,71.777,229.004
1641437247.309,52.734,25.391,14.648,187.500,171.387
1641437247.312,42.480,23.926,-80.566,183.594,148.926
1641437247.316,9.277,25.391,-52.734,104.980,211.426
1641437247.320,17.578,26.367,117.676,114.258,236.816
1641437247.324,50.781,23.926,106.934,200.684,186.035
1641437247.328,51.758,20.508,145.996,225.098,215.332
1641437247.360,16.113,20.508,215.332,110.352,236.816
1641437247.364,5.859,26.855,137.207,41.016,249.512
1641437247.368,41.992,18.066,101.074,114.258,237.793
1641437247.372,64.453,14.160,193.359,180.664,220.215
1641437247.376,33.203,23.438,248.047,100.098,276.855
1641437247.380,13.184,23.438,-76.660,10.742,212.402
1641437247.384,33.203,22.461,-454.102,58.105,137.207
1641437247.387,58.105,24.414,-229.492,148.926,158.203
1641437247.391,36.621,21.973,135.742,93.262,150.879
1641437247.395,-3.418,18.066,-59.570,-30.273,122.070
1641437247.399,9.766,19.531,-256.836,-11.230,124.512
1641437247.403,46.387,19.043,-148.926,98.145,126.465
1641437247.390,39.062,20.508,100.586,105.469,116.699
1641437247.394,0.977,20.020,-76.172,-16.113,124.023
1641437247.398,9.766,8.789,-379.883,-47.363,73.730
1641437247.402,56.641,10.254,-124.023,70.312,50.293
1641437247.406,53.223,23.438,132.812,125.000,95.215
1641437247.410,-4.883,23.438,-201.660,9.766,53.711
1641437247.414,-12.695,18.066,-392.090,-43.945,3.906
1641437247.417,28.320,17.090,-90.820,55.176,39.062
1641437247.421,40.039,19.043,180.176,143.555,99.609
1641437247.425,9.766,21.484,44.434,87.402,92.773
1641437247.429,-7.324,21.973,-155.762,-1.953,56.641
1641437247.433,17.578,23.926,-46.387,45.898,48.828
1641437247.435,42.969,25.879,162.598,143.555,72.754
1641437247.439,29.785,19.531,-87.402,119.629,41.016
1641437247.443,6.348,9.277,-502.930,31.250,7.812
1641437247.447,20.020,11.230,-189.453,47.363,67.871
1641437247.451,46.387,15.625,94.238,155.273,84.473
1641437247.455,39.062,14.648,5.371,174.316,62.012
1641437247.459,5.859,14.648,-241.699,62.500,17.578
1641437247.462,3.418,16.113,-144.531,31.250,14.648
1641437247.466,35.645,15.625,156.250,106.445,82.031
1641437247.470,44.922,13.184,-72.266,144.531,69.824
1641437247.474,6.348,15.137,-174.805,47.852,60.059
1641437247.478,-6.348,17.578,8.301,-40.039,76.660
1641437247.481,26.367,12.207,-21.973,23.438,72.266
1641437247.485,44.922,13.184,35.645,94.727,93.750
1641437247.489,17.578,22.949,101.562,33.203,93.750
1641437247.493,-7.812,25.391,-19.043,-78.613,97.656
1641437247.497,10.742,18.555,-250.977,-56.152,64.453
1641437247.501,36.621,14.160,-284.180,49.316,31.738
1641437247.505,27.832,18.555,-196.289,25.391,9.766
1641437247.508,-7.812,24.902,-223.633,-90.820,9.277
1641437247.512,-2.441,24.414,-381.348,-104.980,21.484
1641437247.516,36.621,23.438,-550.293,-8.301,8.301
1641437247.520,39.062,25.391,-174.316,31.250,85.449
1641437247.524,-0.977,21.484,-67.383,-70.801,77.148
1641437247.540,-3.906,14.160,-335.449,-96.191,15.625
1641437247.544,35.156,13.672,-268.555,9.766,15.137
1641437247.548,49.316,17.090,-46.875,80.566,4.395
1641437247.552,15.137,18.066,-81.055,18.066,12.695
1641437247.556,-3.906,21.973,-261.719,-51.270,-16.602
1641437247.560,29.297,27.344,-441.895,17.578,-21.973
1641437247.564,53.223,28.809,-300.293,105.469,99.609
1641437247.567,31.250,26.855,-148.438,63.477,120.605
1641437247.571,-4.883,22.461,-560.059,-36.133,11.719
1641437247.575,3.906,18.555,-661.133,-15.137,-24.902
1641437247.579,37.598,17.578,-124.023,87.891,30.273
1641437247.583,24.414,11.719,-15.625,73.242,46.387
1641437247.585,-12.695,11.230,-278.809,-42.969,-0.488
1641437247.589,-4.883,14.160,-266.113,-60.547,-31.738
1641437247.593,31.738,13.184,-9.766,27.832,14.160
1641437247.597,30.762,17.090,49.316,57.129,42.480
1641437247.601,-13.184,17.578,-63.477,-52.734,6.836
1641437247.605,-18.555,17.090,-153.320,-107.422,-48.828
1641437247.609,22.461,18.066,-86.426,-14.648,-52.734
1641437247.612,33.203,17.090,52.246,59.082,-33.691
1641437247.616,3.418,22.949,164.062,-6.836,-28.809
1641437247.620,-13.184,22.461,72.266,-89.355,-38.574
1641437247.624,16.602,16.602,94.238,-32.227,-38.574
1641437247.628,48.828,20.996,138.672,67.383,-59.570
1641437247.614,28.809,21.484,-75.684,41.992,-38.086
1641437247.618,-5.859,20.020,42.969,-69.336,-16.113
1641437247.622,5.859,20.020,149.902,-66.895,-40.527
1641437247.626,44.434,19.531,223.633,36.621,-31.738
1641437247.630,42.969,23.438,319.824,46.387,-18.555
1641437247.634,13.672,19.531,98.145,-62.012,-28.809
1641437247.638,11.719,15.625,-118.164,-97.656,11.719
1641437247.641,49.316,20.508,-114.258,-7.324,32.715
1641437247.645,64.941,19.531,20.508,48.828,19.531
1641437247.649,20.996,10.742,16.602,-43.945,30.273
1641437247.653,8.789,11.230,-199.707,-108.887,7.812
1641437247.657,43.945,19.531,-494.629,-31.250,-38.086
1641437247.675,62.988,25.391,-415.039,48.828,-8.789
1641437247.679,28.809,25.879,-145.996,0.000,14.648
1641437247.683,0.977,22.461,-318.848,-70.801,-62.988
1641437247.687,25.391,21.484,-365.234,-5.371,-92.285
1641437247.691,52.734,25.391,6.836,99.609,-42.480
1641437247.695,48.340,26.367,-66.895,81.543,-56.152
1641437247.699,14.160,18.555,-509.277,-25.391,-121.582
1641437247.702,4.395,14.160,-692.871,-41.992,-120.117
1641437247.706,37.598,12.207,-323.242,50.293,-41.992
1641437247.710,45.898,12.207,-29.297,79.590,-14.160
1641437247.714,9.277,12.695,-218.750,-22.949,-62.012
1641437247.718,7.324,11.230,-297.852,-45.898,-25.879
1641437247.705,46.875,16.113,-108.398,64.453,28.320
1641437247.709,49.805,22.461,-15.625,127.441,-0.488
1641437247.713,10.742,22.461,-133.301,41.504,-21.484
1641437247.717,3.906,21.973,-315.430,-17.090,-12.695
1641437247.721,34.668,22.461,-172.363,80.078,62.012
1641437247.725,54.199,22.949,16.602,172.363,106.445
1641437247.729,26.855,15.137,-224.121,107.422,41.504
1641437247.732,-1.953,11.230,-343.262,13.672,25.391
1641437247.736,19.531,11.230,-103.516,67.383,77.148
1641437247.740,43.945,12.207,100.098,183.105,96.191
1641437247.744,25.391,10.742,-187.012,166.992,61.035
1641437247.748,-5.371,13.184,-313.477,45.898,51.758
1641437247.781,9.277,20.996,-38.086,40.527,54.688
1641437247.785,43.945,20.508,8.301,150.391,46.387
1641437247.789,37.109,17.578,137.207,181.641,50.781
1641437247.793,-4.395,14.648,158.203,67.383,83.496
1641437247.797,-9.277,16.602,24.902,6.836,79.590
1641437247.801,24.414,18.066,-133.301,79.102,82.031
1641437247.805,37.109,11.230,-199.707,134.277,92.773
1641437247.808,1.953,7.812,-14.648,64.941,63.477
1641437247.812,-15.625,12.695,78.613,2.930,71.777
1641437247.816,18.066,20.020,-92.285,77.637,79.590
1641437247.820,47.852,26.367,8.789,169.434,101.562
1641437247.824,27.832,26.367,282.227,124.023,115.234
1641437247.811,-4.883,21.484,143.555,17.578,67.383
1641437247.815,9.277,21.973,40.039,29.785,62.988
1641437247.819,43.945,21.484,177.734,125.488,66.895
1641437247.823,33.691,14.648,283.203,107.910,80.566
1641437247.827,0.488,11.230,91.797,-3.906,48.340
1641437247.831,14.648,17.090,-185.059,-18.066,9.766
1641437247.835,50.781,20.020,-183.594,66.406,43.945
1641437247.838,52.246,14.160,84.961,117.676,98.145
1641437247.842,19.043,16.602,-6.348,23.926,58.594
1641437247.846,7.812,21.973,-279.297,-39.551,37.598
1641437247.850,36.621,22.949,-97.656,40.527,116.211
1641437247.854,51.758,24.902,57.617,96.191,116.211
1641437247.855,13.184,21.973,-72.754,15.625,118.652
1641437247.859,-13.184,15.137,-601.562,-78.125,114.258
1641437247.863,13.184,20.508,-631.836,-25.391,120.117
1641437247.867,38.574,17.578,-31.250,76.172,162.109
1641437247.871,20.996,16.602,-35.156,42.480,136.230
1641437247.875,-11.719,20.020,-342.285,-70.312,125.488
1641437247.879,1.953,14.160,-381.836,-50.781,107.910
1641437247.882,39.551,15.137,-78.125,70.801,103.516
1641437247.886,32.227,20.020,-75.684,88.379,102.539
1641437247.890,-7.324,19.531,-408.203,-15.625,63.477
1641437247.894,-5.859,18.555,-176.758,-33.203,70.312
1641437247.898,27.832,18.555,15.625,66.895,111.816
1641437247.900,35.156,17.090,-75.684,110.352,108.398
1641437247.904,0.977,19.531,-41.992,4.883,81.055
1641437247.908,-11.230,21.973,25.391,-74.219,65.918
1641437247.912,26.855,15.625,46.387,3.906,43.457
1641437247.916,48.828,12.695,118.164,91.309,33.691
1641437247.920,20.508,13.184,29.785,29.785,50.293
1641437247.924,-3.906,13.672,-155.762,-66.406,43.457
1641437247.927,16.113,19.043,-30.762,-35.645,55.664
1641437247.931,52.734,25.391,-54.688,48.828,60.059
1641437247.935,46.875,25.391,-62.500,22.949,62.012
1641437247.939,7.324,24.902,85.449,-86.426,39.062
1641437247.943,12.695,22.461,-90.332,-83.008,4.395
1641437247.992,51.270,19.043,-98.145,24.414,39.062
1641437247.996,46.387,17.090,103.516,42.480,88.867
1641437248.000,5.859,17.090,-42.480,-65.918,41.992
1641437248.004,4.883,14.648,-453.125,-101.562,-18.066
1641437248.008,36.621,11.719,-375.977,-4.395,21.484
1641437248.012,42.969,19.043,-141.113,56.152,34.180
1641437248.016,11.230,20.508,-205.566,-22.949,20.508
1641437248.019,-7.324,20.020,-348.145,-85.938,-0.488
1641437248.023,19.043,21.484,-334.473,-6.836,-52.734
1641437248.027,43.945,20.996,-11.719,83.008,-22.461
1641437248.031,22.461,22.461,84.961,32.715,43.945
1641437248.035,0.977,19.043,-289.551,-64.941,-26.367
1641437247.997,20.020,19.043,-415.039,-33.691,-26.855
1641437248.001,53.223,26.855,-130.859,70.312,31.250
1641437248.005,39.551,26.367,-19.531,55.176,-8.789
1641437248.009,0.488,23.926,-314.941,-49.805,-71.289
1641437248.013,12.207,19.043,-465.820,-56.641,-111.328
1641437248.017,53.711,17.090,-317.383,50.293,-73.242
1641437248.021,53.223,21.484,-266.113,104.492,-15.137
1641437248.024,15.137,27.344,-383.301,14.160,-12.207
1641437248.028,15.625,29.297,-426.270,-20.508,6.348
1641437248.032,49.316,28.320,-280.762,69.336,33.203
1641437248.036,65.430,24.902,-173.828,151.855,33.691
1641437248.040,30.762,19.531,-273.926,94.727,43.457
1641437248.035,3.418,19.531,-340.820,23.438,54.199
1641437248.039,31.738,18.066,-203.125,97.656,91.309
1641437248.043,58.594,17.090,-65.430,193.848,142.578
1641437248.047,35.156,11.719,-66.895,153.320,147.949
1641437248.051,-0.488,12.207,-171.387,59.082,53.223
1641437248.055,18.066,20.020,-161.133,84.473,36.621
1641437248.059,52.734,14.648,-59.082,182.617,90.820
1641437248.062,41.016,11.230,-167.969,172.852,101.562
1641437248.066,11.719,11.719,-437.012,53.711,89.355
1641437248.070,34.180,9.766,-595.703,63.965,31.250
1641437248.074,66.895,22.949,-313.965,167.480,46.875
1641437248.078,41.504,33.203,145.020,162.598,85.938
1641437248.125,-13.672,27.832,170.898,24.902,55.664
1641437248.129,-21.973,16.113,23.438,-42.480,24.414
1641437248.133,14.648,20.996,67.383,33.203,57.617
1641437248.137,24.902,29.785,303.223,77.148,61.523
1641437248.141,-12.207,25.879,358.887,-5.371,15.137
1641437248.145,-40.039,20.508,114.258,-94.727,-3.418
1641437248.149,-23.926,17.090,-182.617,-41.504,-46.875
1641437248.152,-2.441,23.926,1.953,57.617,-27.344
1641437248.156,-21.484,21.973,504.395,31.738,23.926
1641437248.160,-51.758,15.137,441.895,-71.289,-23.438
1641437248.164,-38.574,18.555,255.371,-59.570,-46.875
1641437248.168,2.930,22.949,400.879,56.641,1.953
1641437248.130,10.254,24.902,619.141,72.266,19.043
1641437248.134,-25.391,20.508,422.363,-38.086,-23.438
1641437248.138,-13.184,19.531,169.434,-69.336,-54.688
1641437248.142,33.691,26.367,438.965,24.902,12.695
1641437248.146,43.945,28.320,734.863,92.773,59.570
1641437248.150,9.766,24.414,405.273,7.324,-4.883
1641437248.154,-2.441,22.949,125.977,-57.617,-56.641
1641437248.157,28.809,24.902,440.918,-1.465,-33.203
1641437248.161,45.898,26.855,718.750,64.941,40.527
1641437248.165,20.020,29.785,529.297,22.949,31.738
1641437248.169,-2.930,28.809,286.621,-71.289,13.184
1641437248.173,14.160,21.484,466.797,-21.484,48.828
1641437248.171,37.598,22.949,673.828,85.449,53.223
1641437248.175,20.996,23.926,577.637,63.477,37.109
1641437248.179,-11.230,24.902,340.820,-41.992,28.809
1641437248.183,-1.465,20.996,311.523,-50.781,58.105
1641437248.187,34.668,16.113,424.805,48.340,41.016
1641437248.191,40.527,22.949,425.781,67.871,38.086
1641437248.195,-4.883,20.996,100.586,-63.965,25.391
1641437248.198,-7.812,17.578,-67.383,-110.840,-36.621
1641437248.202,34.668,22.949,324.707,-13.184,-18.066
1641437248.206,48.340,26.855,725.098,45.898,11.719
1641437248.210,17.090,27.344,745.605,-52.246,-19.531
1641437248.214,1.953,26.855,646.484,-149.902,-56.641
1641437248.246,33.203,26.855,617.676,-93.750,-43.457
1641437248.250,59.082,22.949,719.238,-10.254,-21.973
1641437248.254,36.133,17.090,795.410,-72.266,-18.066
1641437248.258,4.883,17.090,707.520,-191.895,-35.156
1641437248.262,21.973,20.508,526.367,-159.668,-78.613
1641437248.266,56.152,20.020,323.242,-42.969,-84.473
1641437248.270,38.574,25.879,479.980,-59.570,-40.039
1641437248.273,2.441,29.297,663.574,-168.945,-4.395
1641437248.277,16.602,23.438,355.469,-185.059,-70.312
1641437248.281,48.340,22.949,236.328,-119.141,-96.191
1641437248.285,49.316,23.926,667.480,-102.051,11.719
1641437248.289,8.301,18.066,645.020,-211.426,-41.992
1641437248.291,-6.348,14.160,270.508,-271.973,-94.727
1641437248.295,29.297,21.484,252.441,-195.801,-43.945
1641437248.299,41.504,19.043,411.133,-142.578,-4.883
1641437248.303,7.812,13.184,348.145,-200.684,35.156
1641437248.307,-15.137,13.672,38.574,-277.344,25.879
1641437248.311,5.371,18.066,-201.660,-225.098,-7.324
1641437248.315,33.203,20.996,-93.262,-119.141,9.766
1641437248.318,12.207,14.160,-120.117,-135.254,39.551
1641437248.322,-19.531,14.648,-349.609,-191.895,3.418
1641437248.326,-6.836,20.996,-308.105,-131.836,-7.812
1641437248.330,26.855,20.508,-110.840,15.137,16.602
1641437248.334,23.926,14.648,-74.707,61.035,35.156
1641437248.320,-16.602,10.254,-522.461,-26.367,16.602
1641437248.324,-9.277,9.277,-723.633,-18.555,-17.090
1641437248.328,33.203,9.766,-212.402,101.562,-1.465
1641437248.332,38.574,16.113,30.273,165.039,42.480
1641437248.336,8.301,23.926,-98.145,77.637,40.527
1641437248.340,12.695,31.250,-250.000,32.227,48.340
1641437248.344,41.992,31.250,-247.070,131.348,78.125
1641437248.347,59.082,28.320,-156.738,199.219,43.945
1641437248.351,37.598,28.320,-182.617,125.000,14.648
1641437248.355,16.113,26.855,-161.133,28.320,56.152
1641437248.359,42.480,26.367,-164.551,64.453,10.254
1641437248.363,69.336,27.832,-316.406,159.180,-28.809
1641437248.425,51.758,22.461,-503.906,133.789,-21.484
1641437248.429,18.555,16.602,-450.684,28.320,-17.578
1641437248.433,27.832,21.484,-369.629,38.086,28.809
1641437248.437,53.223,29.785,-540.039,138.184,25.879
1641437248.441,34.180,31.250,-629.395,149.902,-9.277
1641437248.445,-4.883,30.273,-598.145,58.105,12.207
1641437248.449,-4.883,20.020,-810.059,24.414,17.090
1641437248.452,26.367,13.672,-748.047,115.234,68.359
1641437248.456,34.180,17.578,-527.832,174.316,118.164
1641437248.460,2.441,21.484,-595.215,83.496,112.305
1641437248.464,-15.625,20.020,-863.281,20.996,70.801
1641437248.468,5.859,18.066,-964.355,110.352,4.395
1641437248.431,24.414,25.391,-956.055,203.125,6.348
1641437248.435,-3.906,25.879,-964.355,144.043,29.297
1641437248.439,-32.715,28.320,-971.680,64.941,-13.672
1641437248.443,-14.648,26.367,-968.750,131.836,-31.250
1641437248.447,18.066,27.344,-969.727,251.953,8.301
1641437248.451,7.812,35.156,-969.727,238.281,-7.324
1641437248.455,-35.156,39.062,-969.727,117.188,-41.016
1641437248.458,-29.785,32.715,-969.727,118.652,-12.207
1641437248.462,2.441,41.992,-969.727,228.516,29.785
1641437248.466,-1.953,49.316,-969.727,248.535,52.734
1641437248.470,-36.621,41.992,-969.238,138.672,30.273
1641437248.474,-38.574,47.852,-969.727,83.984,-24.414
1641437248.461,-9.277,53.223,-969.727,155.273,-34.668
1641437248.465,-3.418,52.734,-969.238,219.238,-33.203
1641437248.469,-36.133,55.664,-969.238,144.531,-45.410
1641437248.473,-61.523,58.105,-969.727,50.293,-46.387
1641437248.477,-42.480,53.711,-969.727,93.750,-14.648
1641437248.481,-17.090,61.035,-969.727,185.059,29.785
1641437248.485,-33.691,62.988,-969.238,120.117,67.871
1641437248.488,-65.918,58.594,-969.238,-5.859,26.367
1641437248.492,-50.781,59.082,-969.727,19.531,-7.812
1641437248.496,-14.648,55.176,-970.215,148.926,5.859
1641437248.500,-25.391,58.594,-966.309,163.086,10.742
1641437248.504,-73.242,62.500,-970.215,28.320,7.324
1641437248.500,-67.383,59.570,-971.191,4.395,23.438
1641437248.504,-20.020,56.641,-856.445,111.328,83.496
1641437248.508,-19.531,53.711,-774.414,143.066,118.652
1641437248.512,-54.199,51.270,-849.609,29.297,102.051
1641437248.516,-52.246,47.363,-884.766,-30.762,75.684
1641437248.520,-10.742,41.504,-835.449,49.805,86.426
1641437248.524,24.414,37.598,-923.828,110.840,83.008
1641437248.527,0.488,36.621,-1000.000,15.625,69.824
1641437248.531,-12.695,39.062,-849.609,-82.520,116.211
1641437248.535,26.367,34.180,-712.402,-23.926,155.762
1641437248.539,56.152,30.273,-564.453,55.664,157.715
1641437248.543,43.457,31.250,-286.133,21.484,194.336
1641437248.549,20.508,30.273,-332.520,-64.453,191.895
1641437248.553,32.227,26.855,-412.598,-38.086,165.527
1641437248.557,62.500,20.020,-217.285,82.520,187.988
1641437248.561,64.941,15.137,1.953,102.051,185.547
1641437248.565,31.250,8.301,-79.102,-2.441,144.043
1641437248.569,35.156,3.418,-282.715,-9.766,111.328
1641437248.573,73.730,6.836,-212.891,102.051,112.305
1641437248.576,76.172,8.301,179.199,147.949,102.051
1641437248.580,42.969,9.766,282.715,48.828,44.434
1641437248.584,31.250,10.254,104.004,-15.625,55.176
1641437248.588,61.035,4.883,286.621,61.035,82.031
1641437248.592,82.031,2.441,606.934,124.512,55.664
1641437248.605,52.246,0.977,538.086,50.781,45.410
1641437248.609,25.879,-1.465,319.336,-58.594,26.855
1641437248.613,56.641,7.324,485.840,-19.043,37.598
1641437248.617,93.750,6.348,805.176,105.957,90.332
1641437248.621,79.102,-7.812,785.645,94.238,105.957
1641437248.625,49.316,-8.789,258.789,-7.812,40.039
1641437248.629,61.523,-3.418,91.797,6.836,8.301
1641437248.632,94.238,2.930,636.719,130.371,65.918
1641437248.636,89.844,0.977,929.199,168.457,95.703
1641437248.640,45.410,-2.441,833.008,58.594,114.258
1641437248.644,37.109,-0.977,870.605,27.344,128.906
1641437248.648,73.242,-7.324,974.121,132.812,112.305
1641437248.650,84.473,-5.371,940.918,194.824,112.793
1641437248.654,45.898,-1.953,900.391,94.727,92.285
1641437248.658,29.785,-10.254,944.336,6.836,45.410
1641437248.662,56.152,-12.207,957.031,59.570,14.648
1641437248.666,83.008,-5.859,995.117,129.395,18.066
1641437248.670,62.012,-5.371,903.320,70.801,-1.465
1641437248.674,32.227,-3.906,746.582,-29.785,-32.227
1641437248.677,56.641,0.488,897.461,1.465,-3.906
1641437248.681,84.961,0.000,827.637,92.285,15.137
1641437248.685,69.824,-0.488,773.438,70.801,31.738
1641437248.689,35.156,5.371,-999.512,-30.762,53.711
1641437248.693,42.480,5.859,917.969,-20.508,48.340
1641437248.695,80.078,0.488,896.973,102.051,57.617
1641437248.699,77.637,1.953,-994.141,134.766,104.492
1641437248.703,40.527,11.719,985.352,28.320,95.703
1641437248.707,40.039,16.113,886.230,19.043,56.152
1641437248.711,82.520,17.090,911.133,140.137,51.270
1641437248.715,98.145,17.578,989.746,189.453,39.062
1641437248.719,58.594,17.090,-975.098,84.473,114.258
1641437248.722,33.691,12.695,860.352,-20.996,145.020
1641437248.726,54.199,11.230,710.449,30.762,76.172
1641437248.730,79.102,15.625,956.055,126.465,115.234
1641437248.734,56.152,14.648,-970.215,78.125,133.301
1641437248.738,20.996,9.277,877.441,-37.598,51.270
1641437248.740,26.367,16.113,864.258,-25.879,20.020
1641437248.744,56.152,16.602,988.281,83.008,22.949
1641437248.748,51.270,8.789,-990.723,83.496,0.488
1641437248.752,8.789,10.742,849.121,-26.367,-8.301
1641437248.756,9.766,11.719,788.086,-25.879,13.184
1641437248.760,44.434,11.719,807.617,86.914,24.414
1641437248.764,46.875,13.184,793.457,135.742,0.000
1641437248.767,11.719,11.230,575.684,46.387,-40.527
1641437248.771,4.395,7.812,426.270,2.930,-49.805
1641437248.775,36.621,3.906,814.941,96.680,-16.602
1641437248.779,50.293,8.301,981.934,177.734,-11.719
1641437248.783,18.066,11.230,927.734,133.301,-15.625
1641437248.815,-2.930,7.812,932.129,58.594,-0.977
1641437248.819,22.949,11.230,950.684,107.910,21.973
1641437248.823,55.176,16.113,985.840,196.289,42.480
1641437248.827,39.062,10.742,990.723,143.066,33.691
1641437248.831,5.371,6.836,865.234,27.344,-12.207
1641437248.835,20.020,8.301,669.922,42.969,-2.441
1641437248.839,58.105,6.836,628.418,153.320,35.645
1641437248.842,51.270,3.906,575.684,143.555,-3.418
1641437248.846,14.648,11.719,545.898,9.766,-18.066
1641437248.850,17.090,18.555,627.441,-20.020,39.551
1641437248.854,54.688,19.043,618.164,77.148,38.574
1641437248.858,63.965,15.137,652.344,120.605,55.176
1641437248.845,25.391,13.672,665.039,11.719,62.988
1641437248.849,13.184,17.578,483.398,-50.781,12.207
1641437248.853,41.504,14.160,293.945,33.691,-6.348
1641437248.857,57.617,12.207,393.066,106.934,-23.926
1641437248.861,33.203,14.160,520.996,48.340,-10.742
1641437248.865,12.207,10.742,191.406,-44.434,5.859
1641437248.869,41.016,14.648,43.457,5.859,4.883
1641437248.872,68.359,17.090,309.570,118.164,-11.230
1641437248.876,49.316,15.137,522.461,106.445,20.508
1641437248.880,19.043,17.090,322.754,0.000,18.555
1641437248.884,31.250,17.578,49.805,-10.742,-13.184
1641437248.888,64.453,19.043,103.027,82.520,-3.906
1641437248.890,56.152,19.531,274.902,99.121,7.324
1641437248.894,10.742,16.113,158.203,-14.648,-12.207
1641437248.898,11.230,6.836,-383.301,-48.340,-11.230
1641437248.902,49.805,4.883,-293.945,49.316,5.371
1641437248.906,60.547,17.090,216.797,103.516,16.113
1641437248.910,24.414,20.020,-19.531,22.461,10.742
1641437248.914,5.371,18.066,-235.352,-35.645,17.578
1641437248.917,36.133,21.973,-25.879,39.062,20.020
1641437248.921,55.176,24.902,206.543,124.023,12.695
1641437248.925,22.461,19.043,-17.090,84.473,13.184
1641437248.929,-8.789,14.648,-428.711,-7.324,-21.973
1641437248.933,13.184,17.090,-150.391,37.109,14.648
1641437248.951,50.293,19.531,221.191,158.691,97.168
1641437248.955,41.016,10.254,206.055,149.414,122.559
1641437248.959,7.812,9.766,-91.797,34.668,89.844
1641437248.963,18.066,22.461,-155.273,22.949,80.566
1641437248.967,57.617,27.832,75.684,126.953,100.098
1641437248.971,64.941,22.461,-26.855,155.273,97.168
1641437248.975,27.832,20.020,-190.918,44.922,83.496
1641437248.978,26.367,24.902,-52.734,6.836,78.613
1641437248.982,62.988,28.809,129.395,107.910,107.910
1641437248.986,71.289,25.391,-20.508,168.945,110.352
1641437248.990,45.410,27.344,-136.719,75.195,86.914
1641437248.994,30.762,27.832,46.875,-11.230,88.867
1641437248.981,41.016,20.020,-64.453,24.902,49.805
1641437248.985,47.852,15.137,-75.684,90.820,86.914
1641437248.989,28.809,9.277,69.824,38.574,106.934
1641437248.993,2.441,7.812,-1.953,-62.500,54.688
1641437248.997,15.137,12.207,-147.461,-30.273,60.059
1641437249.001,51.758,24.414,-162.109,87.402,74.707
1641437249.005,41.992,30.762,-90.820,90.820,112.305
1641437249.008,0.977,25.879,-46.875,-23.926,117.676
1641437249.012,2.441,23.926,-94.727,-42.480,100.098
1641437249.016,37.598,20.020,-26.855,54.688,90.820
1641437249.020,44.434,18.555,248.535,95.215,101.074
1641437249.024,10.254,14.160,194.336,3.418,107.422
1641437249.025,3.418,6.836,-165.527,-37.598,47.363
1641437249.029,38.086,11.719,-395.020,50.293,18.555
1641437249.033,50.293,20.020,50.781,118.164,75.684
1641437249.037,20.508,21.973,291.992,50.781,82.031
1641437249.041,-3.418,19.043,40.039,-36.621,34.180
1641437249.045,17.578,16.602,-158.691,15.625,-9.277
1641437249.049,49.316,17.090,0.977,119.629,-10.254
1641437249.052,32.715,20.020,267.090,95.215,76.172
1641437249.056,1.465,20.996,-143.066,-4.883,42.969
1641437249.060,16.113,22.949,-405.762,-1.465,-6.348
1641437249.064,51.270,16.602,125.977,113.281,43.457
1641437249.068,51.270,16.113,338.379,140.625,108.887
1641437249.101,14.160,23.438,123.535,15.137,112.305
1641437249.105,10.254,20.996,76.660,-19.531,66.895
1641437249.109,33.691,20.996,192.871,67.871,66.895
1641437249.113,41.016,22.949,199.707,112.793,57.617
1641437249.117,6.836,20.996,60.547,13.672,32.715
1641437249.121,-12.695,19.531,-161.621,-54.688,37.109
1641437249.125,17.090,20.020,-150.391,41.504,68.848
1641437249.128,34.668,17.090,-3.418,126.465,87.891
1641437249.132,5.859,14.648,-121.582,68.848,97.656
1641437249.136,-15.137,19.531,-116.699,-24.902,85.938
1641437249.140,12.695,21.973,-65.430,20.508,84.473
1641437249.144,36.621,23.926,36.133,134.277,108.398
1641437249.115,25.879,23.438,138.672,113.770,84.473
1641437249.119,-2.930,20.996,96.680,3.906,55.176
1641437249.123,0.977,22.461,63.477,-0.977,38.574
1641437249.127,40.527,20.508,92.773,104.980,67.383
1641437249.131,41.504,15.137,125.000,132.324,59.082
1641437249.135,3.418,9.277,-68.359,13.672,20.020
1641437249.139,3.418,13.184,-223.145,-28.320,41.504
1641437249.142,39.062,21.973,-125.977,53.711,54.688
1641437249.146,45.410,21.484,92.285,104.004,66.895
1641437249.150,14.160,23.926,142.090,23.926,84.473
1641437249.154,1.465,23.438,-77.637,-52.246,109.375
1641437249.158,24.902,19.531,-185.059,16.113,105.957
1641437249.161,47.363,19.043,36.621,101.074,108.887
1641437249.165,23.438,17.578,-9.766,50.293,125.000
1641437249.169,0.977,13.184,-340.332,-33.691,101.562
1641437249.173,21.973,6.348,-598.145,7.324,57.617
1641437249.177,47.852,7.324,-437.500,104.980,49.805
1641437249.181,34.180,14.648,-78.125,91.309,91.309
1641437249.185,-3.906,18.066,-280.273,-16.113,56.152
1641437249.188,6.348,22.949,-489.258,-11.230,6.348
1641437249.192,42.969,25.391,-135.254,110.352,25.391
1641437249.196,39.551,23.926,178.711,155.762,49.805
1641437249.200,-1.465,17.090,9.277,59.082,60.059
1641437249.204,-12.695,9.277,-160.645,24.414,62.500
1641437249.220,22.461,9.277,41.016,128.418,56.641
1641437249.224,43.457,12.207,224.609,196.777,27.832
1641437249.228,8.789,11.719,102.051,109.375,-19.043
1641437249.232,-6.348,8.301,-116.699,34.180,-46.875
1641437249.236,24.902,9.766,-116.699,103.516,-52.246
1641437249.240,47.363,15.625,25.879,193.848,-20.020
1641437249.244,27.832,13.672,-207.520,149.414,-12.207
1641437249.247,-0.977,15.625,-422.852,35.645,-46.875
1641437249.251,20.508,18.555,-86.914,39.062,-20.020
1641437249.255,58.105,16.602,145.020,134.277,29.297
1641437249.259,46.875,18.066,154.785,136.230,44.922
1641437249.263,5.859,19.531,34.180,15.137,-2.930
1641437249.265,8.789,20.996,-26.855,-15.625,-20.020
1641437249.269,44.922,14.160,-8.301,67.383,-6.836
1641437249.273,50.781,9.277,5.859,84.961,31.250
1641437249.277,13.184,16.113,14.160,-30.762,49.805
1641437249.281,2.441,17.090,-100.098,-103.516,-13.184
1641437249.285,30.273,13.672,-251.465,-53.223,-12.207
1641437249.289,52.246,17.090,-203.125,-22.461,31.250
1641437249.292,22.461,18.555,-94.238,-123.047,8.789
1641437249.296,-2.441,18.555,-111.816,-224.609,-32.715
1641437249.300,26.367,16.602,-241.211,-188.965,-1.953
1641437249.304,56.641,9.766,-421.875,-112.305,10.254
1641437249.308,39.551,10.254,-141.602,-148.438,3.906
1641437249.355,1.465,10.742,-8.301,-264.648,5.859
1641437249.359,14.160,14.160,-165.527,-254.395,-8.789
1641437249.363,51.270,16.602,10.742,-125.977,10.742
1641437249.367,39.062,13.184,174.316,-104.492,32.715
1641437249.371,1.465,11.719,26.855,-213.867,20.996
1641437249.375,2.441,12.207,-246.094,-234.375,24.414
1641437249.379,33.691,11.719,-254.883,-139.160,40.527
1641437249.382,42.969,11.719,-10.742,-96.191,53.711
1641437249.386,2.441,13.672,-153.320,-202.148,15.137
1641437249.390,-10.742,14.648,-538.574,-278.809,-46.387
1641437249.394,27.344,15.137,-486.816,-198.730,10.742
1641437249.398,49.316,12.695,-306.152,-121.094,51.758
1641437249.359,18.066,13.184,-493.164,-171.387,10.254
1641437249.363,-10.742,13.184,-895.020,-265.625,-50.781
1641437249.367,10.254,14.648,-923.340,-220.703,-69.336
1641437249.371,46.875,17.578,-620.605,-75.195,5.859
1641437249.375,33.203,14.160,-713.867,-57.129,8.301
1641437249.379,-8.789,13.184,-969.238,-150.391,-46.387
1641437249.383,2.930,14.160,-987.305,-136.719,-66.895
1641437249.386,39.551,14.160,-905.273,11.230,-70.801
1641437249.390,36.621,13.184,-866.211,83.984,-45.410
1641437249.394,-1.953,9.766,-969.238,6.348,-85.449
1641437249.398,-2.930,3.418,-896.484,7.324,-71.777
1641437249.402,36.133,7.812,-668.945,138.672,-28.320
1641437249.401,52.734,19.043,-680.664,224.121,-65.430
1641437249.405,23.926,19.531,-752.930,166.992,-69.336
1641437249.409,9.277,16.602,-677.734,119.629,-73.242
1641437249.413,36.621,20.508,-597.656,211.914,-60.547
1641437249.417,62.500,24.414,-524.902,318.848,-58.105
1641437249.421,36.133,25.391,-502.930,287.109,-33.203
1641437249.425,6.836,20.508,-595.215,207.031,-47.852
1641437249.428,25.879,17.090,-608.887,243.164,-71.289
1641437249.432,52.734,19.531,-541.016,356.934,-50.293
1641437249.436,44.922,17.090,-710.938,349.121,-62.500
1641437249.440,2.930,16.602,-597.656,219.727,-63.477
1641437249.444,4.883,21.973,-303.223,197.266,-30.762
1641437249.445,58.105,33.203,-212.891,275.391,-3.418
1641437249.449,89.355,37.598,11.719,300.781,41.016
1641437249.453,48.828,22.461,-11.230,172.852,48.340
1641437249.457,10.254,12.695,-401.855,70.801,15.137
1641437249.461,40.039,12.695,-527.344,135.742,24.902
1641437249.465,65.430,6.836,-460.449,192.383,61.523
1641437249.469,30.762,1.953,-593.750,98.633,37.109
1641437249.472,5.859,-2.930,-779.297,-3.906,-0.977
1641437249.476,37.598,-2.441,-996.094,45.410,-28.320
1641437249.480,60.547,-0.488,-836.914,133.789,-18.066
1641437249.484,27.344,-6.836,-639.648,81.543,8.789
1641437249.488,-6.836,-11.719,-847.168,-35.645,-15.625
1641437249.490,4.883,-10.742,-994.629,-27.344,-35.645
1641437249.494,40.527,-11.230,-833.984,80.566,22.949
1641437249.498,34.668,-14.648,-691.406,80.566,48.340
1641437249.502,-2.930,-14.648,-856.445,-34.668,-27.344
1641437249.506,5.371,-21.973,-990.723,-53.711,-66.406
1641437249.510,52.246,-23.926,-956.055,49.805,-18.555
1641437249.514,61.523,-16.602,-918.945,95.215,38.574
1641437249.517,20.508,-14.160,-960.449,-14.160,-19.043
1641437249.521,16.602,-13.672,-954.590,-70.801,-41.504
1641437249.525,55.664,-7.324,-666.992,23.926,1.465
1641437249.529,71.777,-3.906,-430.664,89.355,23.926
1641437249.533,36.133,-7.324,-465.820,-6.836,44.434
1641437249.535,5.371,-9.766,-509.766,-118.164,26.367
1641437249.539,29.297,-5.859,-445.801,-78.125,0.000
1641437249.543,54.688,-5.859,-347.656,23.438,7.812
1641437249.547,36.133,-7.812,-315.918,4.395,26.367
1641437249.551,4.395,-7.812,-355.469,-89.355,15.137
1641437249.555,19.531,-5.859,-477.051,-69.336,-4.883
1641437249.559,62.012,-1.953,-510.254,51.758,-8.789
1641437249.562,54.199,1.953,-428.711,73.730,8.789
1641437249.566,15.625,7.324,-332.031,-41.992,49.805
1641437249.570,15.137,5.859,-310.547,-66.406,27.832
1641437249.574,50.781,2.441,-333.496,52.246,-9.766
1641437249.578,61.035,3.906,-295.898,96.680,-14.648
1641437249.580,27.832,6.836,-14.160,-6.836,29.297
1641437249.584,11.230,3.418,-24.902,-67.383,43.945
1641437249.588,36.133,3.906,-70.801,6.348,29.297
1641437249.592,59.570,9.277,94.238,82.520,11.230
1641437249.596,34.668,7.812,152.832,30.273,33.691
1641437249.600,4.883,2.930,-139.648,-79.102,5.371
1641437249.604,23.438,3.418,-470.215,-59.082,-79.102
1641437249.607,50.293,8.301,-300.781,39.551,-34.668
1641437249.611,32.227,13.184,147.949,13.184,33.203
1641437249.615,1.953,11.230,50.293,-102.539,-21.484
1641437249.619,12.695,6.836,-86.914,-116.699,-21.484
1641437249.623,52.246,6.348,-0.977,-19.531,8.789
1641437249.626,55.176,7.324,123.047,-1.465,-12.695
1641437249.630,21.484,7.812,24.414,-113.281,-46.387
1641437249.634,20.508,7.812,-240.723,-143.066,-115.234
1641437249.638,56.641,6.836,-73.730,-54.688,-95.703
1641437249.642,73.242,1.953,146.484,19.043,-70.312
1641437249.646,28.809,4.395,-97.656,-60.547,-86.914
1641437249.650,3.418,9.766,-514.160,-166.992,-88.867
1641437249.653,35.645,13.672,-273.438,-116.699,-71.289
1641437249.657,60.059,15.137,123.535,-33.203,-37.109
1641437249.661,33.203,10.254,-15.137,-76.660,-55.176
1641437249.665,-4.395,10.254,-208.008,-154.785,-100.586
1641437249.669,15.625,8.789,-86.914,-100.586,-107.910
1641437249.686,51.270,5.859,47.852,26.367,-86.914
1641437249.690,33.691,13.184,22.949,46.875,-51.758
1641437249.694,8.301,18.555,-166.992,-36.621,-15.137
1641437249.698,28.320,13.184,-258.789,-5.859,-46.387
1641437249.702,48.340,8.789,-80.078,126.465,-38.086
1641437249.706,30.273,2.441,-309.570,171.875,-14.160
1641437249.710,-8.789,-4.883,-582.031,97.168,-64.941
1641437249.713,-12.695,-3.906,-284.668,65.430,-79.102
1641437249.717,18.066,2.930,-75.684,154.785,-82.031
1641437249.721,37.598,9.766,18.066,239.746,-59.570
1641437249.725,13.672,14.160,19.531,180.176,-62.988
1641437249.729,-4.395,14.648,-67.383,94.238,-71.289
1641437249.730,23.926,13.184,-186.035,139.160,-77.637
1641437249.734,58.105,14.160,-169.922,231.445,-87.402
1641437249.738,37.598,15.625,-19.043,202.148,-56.641
1641437249.742,2.930,13.672,-115.234,90.332,-56.152
1641437249.746,19.531,13.672,-265.625,85.938,-35.645
1641437249.750,55.664,10.742,-279.785,196.289,-46.387
1641437249.754,52.246,10.742,-223.145,219.238,-54.688
1641437249.757,10.742,11.230,-127.930,116.699,17.578
1641437249.761,14.160,7.812,-281.250,91.309,-25.391
1641437249.765,60.059,12.695,-581.055,198.730,-70.801
1641437249.769,67.383,16.113,-208.984,271.484,11.719
1641437249.773,31.250,14.648,14.160,163.086,20.020
1641437249.775,24.902,9.766,-244.141,82.031,-36.621
1641437249.779,55.176,9.277,-172.363,154.297,-21.973
1641437249.783,62.988,13.184,21.484,195.312,23.926
1641437249.787,29.297,11.719,-11.230,105.469,35.156
1641437249.791,5.859,9.766,-281.250,0.000,0.488
1641437249.795,30.762,8.789,-401.367,21.484,-12.207
1641437249.799,66.895,6.348,-275.391,96.191,13.184
1641437249.802,53.223,10.742,-263.672,45.410,-2.930
1641437249.806,21.484,20.020,-700.195,-95.703,-91.309
1641437249.810,28.320,19.043,-851.074,-108.887,-125.977
1641437249.814,55.664,15.625,-278.320,-16.113,-44.434
1641437249.818,53.223,12.207,-66.895,-1.465,0.977
1641437249.820,20.996,9.766,-234.863,-116.211,-41.504
1641437249.824,19.043,8.301,-296.875,-171.387,-84.473
1641437249.828,57.129,8.789,-128.906,-65.430,-30.762
1641437249.832,69.824,8.789,-6.348,0.000,-9.277
1641437249.836,26.855,3.906,-143.555,-118.652,-45.898
1641437249.840,12.207,7.812,-365.723,-166.992,-53.711
1641437249.844,47.852,18.555,-347.656,-71.289,-66.406
1641437249.847,62.988,20.508,-211.426,-24.902,-39.062
1641437249.851,27.832,16.602,-359.863,-93.262,-101.562
1641437249.855,-1.953,12.207,-266.113,-159.180,-147.461
1641437249.859,17.578,9.766,-164.551,-86.914,-137.207
1641437249.863,53.223,13.184,-208.984,29.785,-151.855
1641437249.865,46.875,16.113,-143.066,28.320,-141.113
1641437249.869,9.277,14.648,-49.316,-62.500,-129.883
1641437249.873,13.672,6.836,-107.422,-80.566,-128.418
1641437249.877,40.527,8.301,-146.973,20.996,-127.441
1641437249.881,33.203,13.184,-12.207,63.965,-80.566
1641437249.885,-8.789,8.789,-195.312,-48.828,-59.570
1641437249.889,-18.555,6.348,-367.188,-106.445,-59.570
1641437249.892,13.184,4.883,-494.629,-36.621,-57.617
1641437249.896,26.855,6.348,-531.738,22.461,-31.250
1641437249.900,-1.465,11.719,-317.871,-54.199,-30.273
1641437249.904,-18.066,8.789,-444.824,-149.414,-87.402
1641437249.908,12.207,9.277,-481.934,-85.449,-59.570
1641437249.911,41.992,14.160,-253.418,0.977,-4.883
1641437249.915,14.160,6.836,-143.555,-41.016,-28.809
1641437249.919,-19.531,4.395,-337.891,-121.582,-95.215
1641437249.923,-3.906,6.836,-605.469,-95.215,-87.891
1641437249.927,29.785,11.230,-666.992,10.742,-88.379
1641437249.931,23.438,16.602,-274.902,15.137,-95.703
1641437249.935,-7.812,18.066,-249.023,-92.773,-115.234
1641437249.938,0.977,22.949,-484.863,-99.121,-122.070
1641437249.942,40.039,22.461,-110.840,4.883,-87.402
1641437249.946,45.898,21.973,269.043,46.387,-11.230
1641437249.950,9.277,25.391,101.562,-62.500,29.297
1641437249.954,-1.465,15.625,-116.211,-118.164,-38.086
1641437249.955,29.785,16.113,86.426,-13.184,-32.715
1641437249.959,44.922,21.484,252.930,52.246,-27.832
1641437249.963,8.789,17.090,145.508,-13.184,-41.504
1641437249.967,-10.254,15.625,-67.383,-98.633,-65.918
1641437249.971,20.996,15.137,-103.516,-47.363,-68.359
1641437249.975,49.805,15.137,38.574,75.684,-5.859
1641437249.979,27.344,12.207,-149.414,44.434,-0.977
1641437249.982,-8.301,10.742,-375.488,-46.387,-19.531
1641437249.986,13.184,15.625,-55.176,-7.812,-0.488
1641437249.990,49.316,17.090,171.387,109.863,11.719
1641437249.994,35.645,14.648,152.832,139.160,38.574
1641437249.998,-5.859,9.766,79.590,46.387,80.566
1641437250.000,-0.488,7.324,64.453,34.668,37.598
1641437250.004,32.715,11.230,113.770,153.809,17.578
1641437250.008,39.062,19.531,155.762,223.633,76.172
1641437250.012,5.859,20.508,161.133,132.324,82.031
1641437250.016,-5.371,4.883,54.688,66.406,43.945
1641437250.020,46.387,1.953,-54.199,170.898,34.180
1641437250.024,88.379,11.230,-145.020,265.625,28.320
1641437250.027,37.598,27.344,45.410,163.574,43.945
1641437250.031,-5.371,36.133,139.160,31.738,4.395
1641437250.035,25.879,34.180,-25.391,77.637,-14.648
1641437250.039,53.711,30.762,21.973,169.434,39.551
1641437250.043,35.156,29.297,198.242,127.930,48.340
1641437250.060,-8.301,33.203,64.941,-7.812,37.109
1641437250.064,-11.230,34.180,-104.980,-37.109,21.484
1641437250.068,25.879,32.227,10.254,71.289,10.254
1641437250.072,26.855,33.203,228.027,101.562,14.160
1641437250.076,-17.578,28.809,131.348,-18.066,-18.066
1641437250.080,-13.672,25.391,-138.672,-48.340,-58.594
1641437250.084,28.809,32.227,-73.730,61.035,4.883
1641437250.087,37.109,32.227,221.680,109.375,49.805
1641437250.091,-0.977,26.367,277.344,16.113,34.180
1641437250.095,-14.648,29.297,-185.059,-42.480,22.949
1641437250.099,25.391,28.320,-318.359,39.551,-3.418
1641437250.103,50.781,26.367,249.512,145.020,52.734
1641437250.105,22.461,27.344,323.730,115.723,56.641
1641437250.109,-6.836,14.160,115.234,42.480,34.668
1641437250.113,10.254,15.625,160.156,101.562,45.898
1641437250.117,44.922,27.344,377.930,215.332,92.285
1641437250.121,35.156,23.438,424.316,207.520,124.023
1641437250.125,-1.953,21.973,84.961,101.074,85.938
1641437250.129,2.930,23.926,-94.238,98.145,80.078
1641437250.132,41.016,23.438,245.605,208.984,147.949
1641437250.136,42.969,20.508,309.570,245.605,181.641
1641437250.140,5.371,19.043,-98.145,139.648,107.910
1641437250.144,6.348,23.438,-1.465,107.422,102.539
1641437250.148,43.457,18.555,271.973,199.219,117.676
1641437250.149,52.246,12.695,321.289,254.395,114.258
1641437250.153,18.066,16.113,244.629,170.898,100.586
1641437250.157,-1.953,12.207,114.746,83.984,62.012
1641437250.161,26.855,16.113,158.691,147.461,67.871
1641437250.165,56.641,25.879,249.512,234.863,111.816
1641437250.169,35.156,28.320,170.898,188.477,102.051
1641437250.173,7.324,25.391,34.180,83.984,90.332
1641437250.176,23.438,20.020,61.035,89.355,127.930
1641437250.180,60.547,20.996,84.473,192.383,137.695
1641437250.184,56.641,20.020,156.250,185.059,136.230
1641437250.188,20.020,17.578,347.168,62.012,141.602
1641437250.192,19.531,14.648,234.863,32.715,125.000
1641437250.195,42.480,10.742,256.836,100.586,138.672
1641437250.199,48.340,18.555,428.711,127.930,137.695
1641437250.203,16.602,24.902,401.367,14.648,143.555
1641437250.207,0.488,20.020,45.898,-62.012,116.699
1641437250.211,34.180,21.973,-42.969,23.926,66.895
1641437250.215,58.105,25.879,143.066,102.539,111.328
1641437250.219,21.973,18.555,57.617,22.949,105.469
1641437250.222,-1.953,14.160,-219.727,-87.402,43.945
1641437250.226,28.809,20.508,-236.816,-33.691,69.336
1641437250.230,55.176,19.531,42.480,86.914,81.055
1641437250.234,35.645,19.043,112.793,81.543,73.242
1641437250.238,-6.348,17.090,-366.699,-22.949,37.598
1641437250.240,-0.977,11.719,-748.535,-20.508,1.465
1641437250.244,39.551,11.719,-356.934,94.727,71.289
1641437250.248,33.691,19.043,-238.281,99.121,107.910
1641437250.252,-4.395,24.414,-560.059,-26.367,61.035
1641437250.256,-8.789,20.508,-731.445,-52.246,68.848
1641437250.260,29.785,20.508,-704.590,59.082,106.934
1641437250.264,36.133,19.043,-658.691,106.934,139.648
1641437250.267,-6.348,17.578,-824.219,-3.906,86.426
1641437250.271,-12.695,24.902,-963.867,-73.730,25.879
1641437250.275,29.297,24.902,-638.672,0.977,123.535
1641437250.279,50.781,12.207,-408.203,56.152,185.059
1641437250.283,14.160,10.254,-552.734,-32.227,129.395
1641437250.285,-9.277,13.672,-636.719,-122.559,98.145
1641437250.289,22.949,17.090,-554.199,-71.289,115.234
1641437250.293,56.641,19.531,-428.223,33.203,115.723
1641437250.297,40.527,21.973,-385.254,27.344,88.867
1641437250.301,12.695,23.926,-464.355,-74.707,58.105
1641437250.305,40.039,27.344,-530.273,-68.359,67.871
1641437250.309,81.543,23.438,-541.016,42.969,107.422
1641437250.312,55.664,12.695,-580.078,56.152,94.727
1641437250.316,0.977,12.207,-572.266,-74.219,49.805
1641437250.320,4.395,9.766,-613.281,-118.652,14.160
1641437250.324,44.434,4.395,-684.082,-27.832,-8.789
1641437250.328,52.246,8.789,-581.543,17.090,16.113
1641437250.330,17.090,9.277,-468.750,-86.426,13.672
1641437250.334,0.977,12.207,-541.992,-168.945,-22.461
1641437250.338,34.180,14.648,-593.750,-96.680,-21.484
1641437250.342,55.664,11.719,-535.645,-13.184,-12.207
1641437250.346,25.391,11.230,-465.332,-63.477,-57.617
1641437250.350,-3.418,11.230,-668.945,-157.715,-77.637
1641437250.354,16.602,13.184,-930.176,-122.559,-57.617
1641437250.357,39.551,10.254,-750.000,-15.137,-35.645
1641437250.361,19.531,6.348,-330.566,-7.812,-9.277
1641437250.365,-14.160,7.812,-457.031,-103.516,-35.645
1641437250.369,-8.789,8.789,-617.188,-95.215,-41.504
1641437250.373,21.973,11.230,-520.508,24.902,28.320
1641437250.376,30.273,12.695,-423.828,64.941,70.801
1641437250.380,-2.441,10.254,-563.965,-32.715,24.902
1641437250.384,-10.742,9.277,-787.598,-87.402,23.438
1641437250.388,24.902,12.695,-533.691,5.371,121.094
1641437250.392,37.598,14.160,-323.242,72.754,152.344
1641437250.396,1.465,13.184,-639.160,-7.812,82.520
1641437250.400,-20.996,7.812,-979.492,-75.684,-2.441
1641437250.403,5.859,5.859,-769.043,10.254,34.180
1641437250.407,38.574,14.160,-377.930,127.441,128.418
1641437250.411,20.996,17.090,-370.605,117.188,145.996
1641437250.415,-9.277,17.090,-535.156,48.340,156.250
1641437250.419,8.301,17.090,-557.617,82.031,146.973
1641437250.435,43.457,17.090,-372.559,209.961,109.863
1641437250.439,34.668,16.113,-294.922,234.863,114.746
1641437250.443,-4.883,13.672,-480.957,134.766,117.676
1641437250.447,-4.395,11.230,-483.398,137.207,93.750
1641437250.451,34.180,10.742,-224.121,255.859,138.672
1641437250.455,38.574,12.695,-364.746,304.688,149.902
1641437250.459,-0.977,17.578,-576.172,197.266,86.914
1641437250.462,-6.348,19.043,-307.129,140.625,84.473
1641437250.466,29.785,19.043,-146.484,227.051,113.281
1641437250.470,44.434,19.043,-124.023,289.062,133.301
1641437250.474,9.277,14.160,-90.820,200.195,114.746
1641437250.478,-11.719,13.672,-86.426,87.891,98.633
1641437250.480,7.812,14.160,-154.785,118.164,73.242
1641437250.484,34.180,13.672,-103.516,210.449,56.641
1641437250.488,20.020,12.207,61.035,186.523,101.562
1641437250.492,-7.812,15.137,10.742,85.449,67.871
1641437250.496,8.301,15.625,-123.047,87.402,15.625
1641437250.500,43.945,15.625,-139.648,181.641,69.336
1641437250.504,34.180,18.066,-17.090,190.430,118.164
1641437250.507,-1.465,17.090,-6.348,65.918,67.871
1641437250.511,8.301,20.020,-110.352,20.020,33.691
1641437250.515,45.898,19.531,-310.059,89.355,46.875
1641437250.519,55.176,19.531,-3.906,122.070,75.684
1641437250.523,10.742,8.301,285.645,23.926,105.469
1641437250.525,-9.277,1.465,18.066,-52.246,92.285
1641437250.529,29.297,10.742,-20.996,30.273,87.891
1641437250.533,47.363,17.090,235.352,107.910,104.492
1641437250.537,20.508,17.090,239.746,51.270,94.238
1641437250.541,0.000,13.672,-16.602,-27.344,66.406
1641437250.545,17.578,14.648,-95.215,25.391,81.055
1641437250.549,44.434,14.160,60.547,138.672,94.727
1641437250.552,30.762,11.230,204.102,127.930,72.266
1641437250.556,-10.742,9.277,-164.062,21.484,36.133
1641437250.560,-4.883,6.348,-354.980,22.461,17.090
1641437250.564,31.738,3.906,150.391,126.465,50.293
1641437250.568,27.832,0.000,373.535,151.855,76.172
1641437250.570,-6.836,6.348,186.523,44.434,55.664
1641437250.574,-3.906,13.184,169.922,10.254,82.520
1641437250.578,39.062,12.695,345.215,102.051,102.051
1641437250.582,50.781,8.301,353.027,151.855,68.359
1641437250.586,19.043,2.441,213.379,75.684,82.031
1641437250.590,13.184,11.230,15.137,8.789,87.891
1641437250.594,32.715,22.461,28.809,45.410,47.852
1641437250.597,46.875,19.531,96.191,114.258,39.551
1641437250.601,24.414,20.020,-121.582,64.453,11.719
1641437250.605,-6.836,15.137,-39.551,-47.852,2.930
1641437250.609,15.625,2.441,18.066,-29.297,37.109
1641437250.613,43.945,5.859,-105.957,70.312,72.266
1641437250.616,29.297,13.672,51.758,71.289,103.027
1641437250.620,2.441,22.461,104.004,-32.715,99.121
1641437250.624,19.043,26.367,10.254,-38.574,52.246
1641437250.628,57.617,23.926,79.102,64.941,102.539
1641437250.632,54.688,20.996,153.320,95.703,116.699
1641437250.636,15.625,19.531,-6.836,-7.812,68.359
1641437250.640,14.160,20.996,-200.684,-45.898,85.938
1641437250.643,51.758,13.184,-321.289,42.480,74.707
1641437250.647,66.895,13.672,-198.242,95.703,60.059
1641437250.651,32.715,21.973,131.348,18.555,84.473
1641437250.655,10.254,20.508,-7.324,-60.059,79.102
1641437250.659,37.598,19.531,-113.770,4.883,54.688
1641437250.661,64.453,21.973,141.113,96.680,107.910
1641437250.665,42.969,24.902,156.738,50.781,118.164
1641437250.669,10.742,20.996,-209.961,-61.523,62.500
1641437250.673,22.949,21.484,-295.898,-53.711,58.594
1641437250.677,54.688,21.973,75.195,41.992,113.770
1641437250.681,42.969,14.160,160.156,38.086,125.488
1641437250.685,3.906,12.695,-184.082,-80.078,70.312
1641437250.688,9.766,15.625,-445.801,-98.145,41.504
1641437250.692,45.898,16.113,-117.188,5.371,75.195
1641437250.696,55.176,18.066,273.438,45.410,124.023
1641437250.700,19.043,17.090,149.414,-61.523,124.023
1641437250.704,8.789,17.090,-63.965,-122.559,82.031
1641437250.705,41.992,15.625,10.254,-30.762,73.730
1641437250.709,50.781,14.160,141.113,36.133,114.746
1641437250.713,12.695,10.254,75.684,-33.203,111.816
1641437250.717,-5.859,8.301,-36.133,-118.164,139.160
1641437250.721,20.996,9.277,-120.605,-65.430,127.930
1641437250.725,54.688,13.672,-25.879,57.129,74.707
1641437250.729,40.039,15.625,-145.508,40.527,78.613
1641437250.732,1.465,12.695,-443.848,-58.105,95.215
1641437250.736,16.113,17.090,-152.344,-42.480,92.285
1641437250.740,51.270,20.996,231.445,80.078,115.723
1641437250.744,40.527,18.066,269.043,122.559,125.000
1641437250.748,-1.953,16.602,166.504,17.090,83.984
1641437250.750,-3.906,14.648,129.395,-10.254,76.660
1641437250.754,35.156,11.230,186.035,85.938,104.980
1641437250.758,39.551,14.160,302.734,144.531,122.070
1641437250.762,-2.930,15.137,290.039,62.012,65.918
1641437250.766,-14.648,15.625,191.406,-3.906,5.859
1641437250.770,12.695,12.207,129.883,58.105,31.250
1641437250.774,31.250,16.113,4.883,116.211,41.992
1641437250.777,8.301,22.949,99.609,57.129,21.484
1641437250.781,-14.160,26.855,269.531,-28.809,-6.348
1641437250.785,3.906,18.066,101.074,3.418,-5.371
1641437250.789,33.691,7.324,122.559,104.004,18.555
1641437250.793,22.949,15.625,429.199,92.285,23.926
1641437250.810,-5.371,20.020,359.863,-6.348,32.715
1641437250.814,4.883,20.508,184.082,4.395,14.648
1641437250.818,39.551,20.020,261.719,125.000,10.254
1641437250.822,43.945,17.090,515.625,171.387,81.543
1641437250.826,4.883,13.184,417.480,60.547,69.824
1641437250.830,-2.930,11.719,72.266,20.508,-14.648
1641437250.834,38.086,16.602,67.871,123.535,-16.113
1641437250.837,56.641,18.555,412.109,190.430,65.430
1641437250.841,21.973,16.602,471.680,104.980,63.965
1641437250.845,1.465,15.625,-38.574,9.766,-29.297
1641437250.849,31.738,17.578,-83.008,72.266,-23.438
1641437250.853,57.617,16.602,396.484,163.086,50.781
1641437250.855,23.438,14.160,408.691,103.027,56.641
1641437250.859,-5.371,14.160,87.402,-6.836,30.762
1641437250.863,20.508,18.555,106.934,16.602,57.129
1641437250.867,55.176,23.438,339.844,114.746,81.055
1641437250.871,43.945,14.160,309.082,108.398,96.191
1641437250.875,3.906,3.906,7.812,-5.859,77.637
1641437250.879,9.766,15.137,-82.520,-23.926,103.516
1641437250.882,41.016,20.508,207.031,66.895,155.273
1641437250.886,41.504,17.578,215.332,93.750,102.051
1641437250.890,8.789,18.555,-197.266,-13.184,35.156
1641437250.894,2.441,23.438,-123.047,-64.453,60.547
1641437250.898,34.668,22.949,199.707,31.738,148.926
1641437250.900,46.387,20.508,187.988,102.539,130.859
1641437250.904,20.508,22.949,82.520,38.086,67.871
1641437250.908,4.883,19.531,95.703,-33.203,49.316
1641437250.912,26.855,19.043,156.250,22.949,60.547
1641437250.916,51.270,19.531,113.281,106.445,67.871
1641437250.920,27.832,18.066,-2.441,59.082,-0.977
1641437250.924,-7.812,15.625,-95.703,-39.062,-13.184
1641437250.927,5.859,13.184,-30.762,-17.578,18.555
1641437250.931,36.133,17.578,-48.340,75.195,19.043
1641437250.935,25.879,18.066,49.805,80.566,35.645
1641437250.939,-10.254,12.695,291.504,-24.902,24.902
1641437250.943,-13.184,2.930,104.004,-49.316,-40.039
1641437250.945,18.066,5.371,88.867,53.223,-46.875
1641437250.949,31.738,16.113,352.539,101.562,-7.812
1641437250.953,-0.488,16.113,309.570,-6.348,-49.316
1641437250.957,-10.254,10.742,13.184,-62.500,-23.926
1641437250.961,25.879,13.184,-17.578,31.250,59.082
1641437250.965,44.434,19.043,138.672,109.863,51.758
1641437250.969,7.812,14.648,132.812,36.133,19.043
1641437250.972,-13.672,13.672,-43.457,-69.336,-27.344
1641437250.976,16.113,15.625,-234.863,-20.508,-33.203
1641437250.980,39.551,16.602,117.188,80.078,5.859
1641437250.984,21.484,18.555,403.320,52.246,52.734
1641437250.988,-6.836,14.160,139.648,-49.805,35.645
1641437251.005,5.371,14.648,-10.254,-55.176,12.695
1641437251.009,34.668,16.113,173.340,40.039,38.086
1641437251.013,37.598,19.531,284.668,82.031,0.000
1641437251.017,12.207,17.578,103.027,-6.348,-33.203
1641437251.021,10.254,11.230,-52.734,-24.902,-23.926
1641437251.025,51.270,17.578,-0.977,83.496,34.668
1641437251.029,44.434,23.926,117.676,121.094,88.867
1641437251.032,-10.254,20.020,-202.148,22.461,61.035
1641437251.036,-11.230,20.996,-531.738,-37.598,43.945
1641437251.040,27.344,28.809,-198.242,39.062,76.172
1641437251.044,43.457,18.066,41.504,119.141,123.047
1641437251.048,13.184,9.277,-26.855,62.012,95.215
1641437251.035,-10.254,20.020,-120.605,-30.273,62.012
1641437251.039,10.254,24.414,-87.402,5.859,108.398
1641437251.043,42.969,23.438,-84.473,106.934,79.590
1641437251.047,35.156,23.438,-80.566,93.262,105.957
1641437251.051,1.465,23.926,-96.680,-11.719,118.164
1641437251.055,12.695,23.926,-295.898,-15.625,55.176
1641437251.059,52.246,23.438,-391.602,94.727,58.105
1641437251.062,51.270,23.438,-125.488,136.719,105.957
1641437251.066,15.625,21.484,16.113,26.367,124.512
1641437251.070,10.742,15.137,-116.211,-13.672,75.684
1641437251.074,44.434,14.160,-153.809,79.102,48.340
1641437251.078,60.547,20.996,-377.930,127.930,49.316
1641437251.080,22.949,25.391,-193.359,47.363,58.105
1641437251.084,2.441,25.391,-19.043,-30.273,20.508
1641437251.088,26.367,24.414,-73.242,27.344,10.742
1641437251.092,48.828,21.484,108.887,123.047,73.242
1641437251.096,29.297,20.020,229.492,82.031,89.844
1641437251.100,-0.488,20.020,-6.836,-26.855,30.762
1641437251.104,14.160,13.184,-365.234,-18.066,-33.691
1641437251.107,44.922,12.207,-177.246,73.730,1.465
1641437251.111,35.645,18.066,279.785,68.848,87.891
1641437251.115,-6.836,15.137,139.160,-42.969,46.387
1641437251.119,-4.883,7.324,-26.855,-60.059,23.926
1641437251.123,51.270,8.301,86.914,59.082,73.242
1641437251.126,68.359,19.531,210.938,107.422,100.098
1641437251.130,5.859,26.855,118.652,-29.297,39.062
1641437251.134,-16.113,24.414,-129.395,-98.633,7.812
1641437251.138,30.762,25.391,36.133,-5.371,101.562
1641437251.142,49.805,29.297,199.707,45.898,164.551
1641437251.146,7.324,26.855,-85.938,-48.340,134.766
1641437251.150,-12.207,29.785,-497.070,-131.348,88.379
1641437251.153,24.414,34.668,-229.492,-72.266,108.398
1641437251.157,57.129,32.227,234.375,23.926,149.902
1641437251.161,41.992,27.832,182.129,-12.695,109.863
1641437251.165,4.395,22.461,-15.137,-127.930,52.734
1641437251.169,18.066,26.855,-51.758,-113.770,9.277
1641437251.185,60.547,31.738,83.008,0.977,21.973
1641437251.189,56.152,28.320,155.762,16.602,64.453
1641437251.193,18.555,26.367,-61.035,-102.051,66.895
1641437251.197,20.020,29.785,-225.098,-129.883,26.855
1641437251.201,58.594,35.156,-20.020,-32.227,57.129
1641437251.205,65.918,35.156,-151.367,27.832,68.359
1641437251.209,31.738,29.297,-421.387,-52.734,2.930
1641437251.212,17.578,20.996,-199.219,-121.094,1.953
1641437251.216,48.340,24.902,-44.922,-32.715,-6.348
1641437251.220,74.219,34.668,-40.039,56.152,-26.855
1641437251.224,41.504,34.180,-10.742,-8.301,-42.480
1641437251.228,14.648,30.762,24.902,-96.680,6.348
1641437251.230,28.809,30.762,47.852,-38.086,17.578
1641437251.234,46.875,26.367,75.195,65.430,-32.227
1641437251.238,35.645,20.508,140.625,39.551,8.789
1641437251.242,4.883,26.367,129.395,-59.082,23.926
1641437251.246,15.625,25.391,-18.066,-64.453,-18.066
1641437251.250,54.688,19.043,-16.113,37.598,12.695
1641437251.254,50.293,20.508,91.797,59.570,61.523
1641437251.257,16.113,27.832,64.941,-60.547,31.250
1641437251.261,13.672,30.762,-50.293,-91.309,-1.465
1641437251.265,43.457,26.367,-306.641,-3.418,-20.996
1641437251.269,55.664,23.926,-64.941,40.527,43.945
1641437251.273,13.184,23.438,81.543,-46.387,56.152
1641437251.290,-5.859,19.531,-126.953,-107.422,15.625
1641437251.294,27.832,19.531,-43.945,-22.461,2.441
1641437251.298,51.758,25.879,176.270,70.312,32.715
1641437251.302,25.879,23.438,137.207,31.738,86.914
1641437251.306,3.418,18.066,-91.309,-42.969,36.133
1641437251.310,24.414,17.578,-199.707,-2.930,36.133
1641437251.314,55.664,23.926,-63.477,108.887,48.828
1641437251.317,46.875,20.020,218.750,101.562,34.180
1641437251.321,10.742,15.625,-136.719,-0.488,17.090
1641437251.325,14.160,19.531,-452.148,6.348,1.953
1641437251.329,48.828,16.113,46.387,112.305,67.383
1641437251.333,48.340,19.043,199.707,154.785,90.332
1641437251.320,5.859,20.996,-11.230,45.410,49.805
1641437251.324,2.930,12.207,-38.086,-6.348,66.895
1641437251.328,42.969,12.695,86.914,87.891,62.500
1641437251.332,53.223,19.043,86.426,146.484,24.902
1641437251.336,14.160,20.996,-129.883,58.105,2.441
1641437251.340,-4.883,22.461,-321.777,-20.996,-6.348
1641437251.344,24.414,22.461,-263.184,58.105,8.301
1641437251.347,46.387,21.484,-121.582,126.465,55.176
1641437251.351,22.461,23.438,-208.008,49.316,51.758
1641437251.355,-4.883,22.461,-238.281,-47.852,72.266
1641437251.359,6.348,21.973,-260.742,-35.156,51.270
1641437251.363,34.668,18.066,-417.969,63.965,-29.297
1641437251.366,25.879,17.578,-671.875,69.824,-25.879
1641437251.370,-7.324,21.973,-571.777,-36.133,-5.859
1641437251.374,0.977,22.461,-374.023,-51.758,25.879
1641437251.378,35.156,23.438,-325.684,51.758,93.750
1641437251.382,36.133,23.438,-254.395,85.449,108.887
1641437251.386,4.395,24.902,-455.566,-7.324,84.473
1641437251.390,0.488,26.367,-518.555,-58.105,87.402
1641437251.393,33.203,21.973,-676.758,0.977,-7.812
1641437251.397,51.270,20.996,-723.633,62.500,-24.902
1641437251.401,20.020,21.484,-370.117,-8.301,83.008
1641437251.405,0.488,15.625,-535.156,-118.164,63.477
1641437251.409,23.438,19.043,-688.965,-84.473,27.832
1641437251.425,50.781,27.344,-475.586,6.348,37.109
1641437251.429,35.645,25.391,-504.883,-26.855,44.434
1641437251.433,1.953,22.461,-853.516,-128.906,34.180
1641437251.437,10.254,22.949,-955.078,-133.301,50.781
1641437251.441,43.945,21.973,-694.336,-37.109,88.867
1641437251.445,36.621,22.461,-604.492,-17.578,61.523
1641437251.449,-3.906,19.531,-827.148,-121.094,14.648
1641437251.452,-5.371,16.113,-1000.000,-128.418,-43.945
1641437251.456,24.902,14.648,-836.426,0.488,-54.199
1641437251.460,32.715,15.137,-449.707,80.078,14.648
1641437251.464,-4.395,18.066,-482.910,-10.254,64.453
1641437251.468,-14.648,16.602,-617.676,-92.285,41.992
1641437251.455,15.137,15.137,-473.145,-5.859,12.695
1641437251.459,33.203,18.555,-315.918,86.426,26.855
1641437251.463,0.977,14.648,-479.492,20.996,-26.367
1641437251.467,-26.367,10.254,-629.883,-73.730,-8.789
1641437251.471,12.207,21.484,-632.812,-13.184,35.156
1641437251.475,69.824,34.180,-588.867,121.582,0.488
1641437251.479,67.871,22.949,-668.457,114.746,33.691
1641437251.482,16.113,5.371,-849.609,-1.465,20.996
1641437251.486,12.695,7.324,-662.109,-15.137,8.789
1641437251.490,48.340,3.418,-639.160,73.242,9.766
1641437251.494,48.828,-3.418,-858.398,94.727,17.578
1641437251.498,10.742,1.465,-985.840,-13.184,1.953
1641437251.516,2.441,3.906,-956.543,-46.387,-38.574
1641437251.520,34.180,1.465,-970.215,40.527,-50.293
1641437251.524,47.363,2.441,-870.117,98.633,-23.438
1641437251.528,8.301,-3.906,-845.215,28.320,27.344
1641437251.532,-12.695,-12.207,-967.773,-49.316,16.113
1641437251.536,23.926,-11.719,-971.680,22.949,-45.410
1641437251.540,42.480,-13.672,-954.102,122.559,-68.359
1641437251.543,15.625,-12.695,-899.414,84.961,-45.410
1641437251.547,-7.812,-7.812,-766.113,20.020,-12.207
1641437251.551,12.207,-8.789,-830.566,67.871,-21.973
1641437251.555,47.852,-10.254,-665.527,167.969,-45.410
1641437251.559,30.273,-14.160,-278.809,146.484,4.883
1641437251.560,0.977,-18.555,-375.977,21.484,-19.043
1641437251.564,18.555,-14.160,-510.742,2.930,-61.035
1641437251.568,39.062,-6.348,-334.473,79.102,-24.902
1641437251.572,36.133,-2.441,-108.398,96.191,-13.672
1641437251.576,3.418,-0.977,-132.812,-8.789,-2.441
1641437251.580,-4.883,-3.418,-360.840,-56.641,32.715
1641437251.584,35.645,1.953,-342.773,45.898,31.738
1641437251.587,56.641,10.742,6.836,126.465,23.926
1641437251.591,19.531,6.836,63.965,39.062,3.418
1641437251.595,-2.930,3.418,-449.707,-49.805,-1.953
1641437251.599,31.250,0.488,-624.512,25.391,9.277
1641437251.603,61.523,4.395,-84.473,139.648,39.062
1641437251.605,36.133,7.812,24.414,111.816,73.242
1641437251.609,-1.465,7.812,-251.953,20.020,49.316
1641437251.613,20.996,13.672,-194.336,73.242,35.156
1641437251.617,58.594,16.113,128.418,204.590,93.750
1641437251.621,48.340,15.625,114.746,202.637,101.074
1641437251.625,17.090,12.695,-203.125,96.191,51.758
1641437251.629,27.344,13.672,-309.082,84.473,0.977
1641437251.632,62.500,14.160,-2.930,157.227,20.508
1641437251.636,60.547,7.324,137.207,191.895,78.125
1641437251.640,22.949,5.371,-180.176,101.074,44.434
1641437251.644,8.789,11.230,-161.621,36.621,-5.859
1641437251.648,42.480,10.254,84.961,121.094,19.531
1641437251.650,61.035,8.789,184.082,198.242,77.148
1641437251.654,23.438,10.742,121.582,158.203,7.324
1641437251.658,-0.488,13.184,94.727,101.074,-64.453
1641437251.662,23.926,9.766,174.316,152.832,-31.738
1641437251.666,54.688,6.836,182.129,252.930,10.254
1641437251.670,40.527,12.207,131.836,227.539,5.859
1641437251.674,8.789,15.137,32.715,130.859,-22.461
1641437251.677,17.578,9.766,207.520,166.504,0.977
1641437251.681,47.363,1.465,258.789,310.547,11.719
1641437251.685,44.434,8.301,324.219,344.727,-29.297
1641437251.689,8.789,16.602,603.516,228.027,-52.246
1641437251.693,6.348,11.719,546.387,176.270,-73.730
1641437251.695,47.363,18.555,597.168,241.699,-102.051
1641437251.699,59.082,24.902,807.617,231.934,-62.988
1641437251.703,17.090,22.461,815.430,64.941,-69.824
1641437251.707,-4.395,19.043,511.230,-88.867,-140.625
1641437251.711,26.367,17.578,405.273,-84.473,-141.113
1641437251.715,49.805,23.926,579.102,-52.734,-104.492
1641437251.719,21.484,16.602,531.738,-168.945,-120.605
1641437251.722,-4.395,6.348,287.598,-319.336,-206.055
1641437251.726,17.578,8.301,-26.367,-334.473,-208.984
1641437251.730,48.340,19.043,255.859,-264.648,-95.703
1641437251.734,33.691,25.879,549.316,-296.875,-79.590
1641437251.738,3.418,21.484,201.660,-416.992,-142.578
1641437251.740,11.230,18.555,35.645,-435.547,-125.977
1641437251.744,41.992,16.113,181.152,-349.609,-102.051
1641437251.748,43.945,17.578,263.672,-313.477,-61.523
1641437251.752,6.348,23.438,-24.902,-425.781,-96.191
1641437251.756,-0.977,16.602,-225.098,-466.797,-139.648
1641437251.760,32.715,8.789,-122.070,-352.539,-139.160
1641437251.764,36.621,14.160,-1.465,-278.320,-135.742
1641437251.767,-3.418,17.090,-202.637,-340.332,-211.914
1641437251.771,-15.137,20.020,-480.957,-388.672,-302.246
1641437251.775,19.531,20.508,-83.496,-272.949,-233.398
1641437251.779,43.945,17.578,258.789,-155.762,-132.812
1641437251.783,17.090,14.648,143.066,-190.430,-119.629
1641437251.785,-13.672,15.137,-3.906,-257.324,-122.070
1641437251.789,9.766,20.996,74.219,-185.547,-73.242
1641437251.793,39.062,19.043,69.824,-46.387,-56.641
1641437251.797,24.414,12.207,34.668,-18.066,-48.340
1641437251.801,-9.277,16.113,-33.691,-85.449,-59.082
1641437251.805,-0.977,22.461,-216.797,-36.133,-73.242
1641437251.809,41.016,20.508,-244.141,123.047,-65.430
1641437251.812,44.434,19.531,-279.297,188.477,-41.504
1641437251.816,6.348,23.438,-140.625,98.633,3.418
1641437251.820,0.977,20.996,-129.395,63.477,-37.598
1641437251.824,31.738,19.043,-248.535,170.898,-97.656
1641437251.828,47.363,20.508,-74.219,257.324,-42.480
1641437251.831,14.160,22.461,119.629,191.406,7.324
1641437251.835,-4.395,18.066,-29.297,113.281,-40.527
1641437251.839,28.809,15.137,-87.402,183.105,-20.996
1641437251.843,54.199,18.066,145.020,293.457,24.414
1641437251.847,26.855,19.043,326.660,250.488,-3.906
1641437251.851,-11.719,19.043,113.770,131.836,-24.414
1641437251.855,11.719,16.113,-250.000,150.879,-59.082
1641437251.858,51.270,17.090,-69.336,261.230,-57.129
1641437251.862,40.039,21.973,401.855,258.789,-35.645
1641437251.866,3.906,20.508,299.316,127.441,-58.594
1641437251.870,9.766,20.508,130.859,93.750,-32.227
1641437251.874,45.898,20.508,271.973,174.316,-5.371
1641437251.876,47.363,14.648,409.668,206.543,10.254
1641437251.880,6.348,17.090,266.113,107.910,9.277
1641437251.884,-8.301,20.996,5.859,38.574,-28.320
1641437251.888,29.297,25.879,123.535,128.418,-8.301
1641437251.892,48.340,26.855,336.914,219.727,20.996
1641437251.896,12.207,20.996,145.996,154.297,16.113
1641437251.900,-10.742,19.043,-429.688,38.574,-43.457
1641437251.903,14.160,7.812,-361.816,71.777,-64.453
1641437251.907,65.430,9.277,196.777,196.777,9.766
1641437251.911,71.777,26.855,190.918,183.105,38.086
1641437251.915,17.578,37.109,-19.043,43.945,25.391
1641437251.919,6.348,32.227,-52.246,32.715,31.250
1641437251.935,40.039,32.227,69.824,145.020,62.500
1641437251.939,29.297,36.133,126.953,152.832,109.375
1641437251.943,-15.625,32.715,-128.906,18.066,42.969
1641437251.947,-14.160,35.645,-275.879,-27.832,-54.199
1641437251.951,20.020,41.504,-25.391,62.500,-21.484
1641437251.955,18.555,38.574,-85.938,105.469,-19.531
1641437251.959,-23.438,40.039,-331.055,5.859,-55.664
1641437251.962,-39.551,48.340,-151.855,-73.242,-64.941
1641437251.966,-7.812,46.875,123.047,9.766,-28.809
1641437251.970,24.902,46.387,225.098,117.188,-13.672
1641437251.974,-0.488,52.246,263.672,68.848,-25.391
1641437251.978,-32.715,50.293,274.414,-25.879,-35.156
1641437251.981,-3.418,41.992,311.035,32.715,-28.320
1641437251.985,39.551,40.039,448.242,143.066,26.367
1641437251.989,28.809,37.109,592.773,115.723,36.133
1641437251.993,-10.742,33.691,623.535,12.207,27.344
1641437251.997,-5.371,38.574,593.750,7.324,100.098
1641437252.001,29.785,41.992,624.023,115.234,108.887
1641437252.005,32.227,46.387,767.578,150.879,96.680
1641437252.008,-1.953,43.457,689.453,20.996,89.355
1641437252.012,-1.465,36.133,457.031,-39.551,50.293
1641437252.016,37.109,33.203,502.441,37.109,58.105
1641437252.020,56.152,35.156,803.711,88.379,126.953
1641437252.024,17.578,39.062,818.359,9.277,104.980
1641437252.026,0.000,35.156,476.074,-53.223,62.012
1641437252.030,35.645,29.785,107.910,17.578,67.871
1641437252.034,58.594,32.715,417.480,97.656,80.078
1641437252.038,26.367,36.621,661.621,53.223,89.355
1641437252.042,-0.488,40.527,325.684,-25.391,53.711
1641437252.046,18.066,30.273,109.863,22.949,64.941
1641437252.050,51.270,31.738,235.352,160.156,108.887
1641437252.053,41.992,37.598,343.262,178.223,105.469
1641437252.057,0.977,29.785,-57.129,87.402,56.152
1641437252.061,7.324,29.297,-291.992,106.934,44.922
1641437252.065,46.387,34.180,65.430,222.168,90.820
1641437252.069,53.223,34.668,209.961,264.160,142.578
1641437252.070,13.184,29.785,-340.332,156.738,136.230
1641437252.074,3.418,23.438,-632.324,95.215,93.750
1641437252.078,41.016,23.926,-264.648,189.941,150.879
1641437252.082,63.965,31.250,-236.328,268.555,190.918
1641437252.086,24.414,30.762,-450.684,177.246,157.227
1641437252.090,1.465,33.203,-690.430,73.730,99.121
1641437252.094,36.621,29.297,-716.309,118.652,101.074
1641437252.097,61.523,22.949,-663.574,208.008,125.977
1641437252.101,37.598,24.414,-898.926,155.273,126.465
1641437252.105,2.441,23.438,-991.699,22.461,154.785
1641437252.109,12.695,20.020,-933.105,14.160,204.590
1641437252.113,51.270,20.996,-948.730,96.680,142.090
1641437252.116,46.387,21.484,-960.449,95.703,93.262
1641437252.120,6.348,18.555,-961.914,-24.902,124.512
1641437252.124,3.906,18.555,-971.680,-55.664,89.355
1641437252.128,44.434,22.949,-968.750,43.457,75.195
1641437252.132,44.922,25.391,-970.703,101.074,105.957
1641437252.136,0.488,24.902,-966.797,15.137,115.234
1641437252.140,-10.254,23.438,-964.844,-51.270,105.469
1641437252.143,16.602,21.973,-978.027,26.855,115.723
1641437252.147,39.551,26.367,-811.035,103.027,128.906
1641437252.151,15.137,29.297,-671.875,39.062,126.465
1641437252.155,-10.742,19.043,-787.598,-59.082,76.660
1641437252.159,16.113,10.254,-978.516,-10.254,20.020
1641437252.190,52.246,18.555,-724.121,105.957,51.270
1641437252.194,40.527,27.832,-379.395,92.773,123.535
1641437252.198,15.137,23.438,-600.586,2.441,78.613
1641437252.202,32.715,20.508,-663.086,34.668,15.137
1641437252.206,60.059,27.832,-309.570,141.113,67.383
1641437252.210,45.898,30.273,-174.316,150.879,88.867
1641437252.214,1.465,23.438,-329.102,35.156,57.129
1641437252.217,-1.953,20.996,-674.316,-0.488,27.344
1641437252.221,35.156,26.367,-479.004,96.191,61.035
1641437252.225,41.016,29.297,76.172,140.625,84.473
1641437252.229,0.977,20.996,-80.078,46.387,78.125
1641437252.233,-13.672,15.137,-278.809,-26.855,63.477
1641437252.205,22.461,20.020,-106.934,49.316,61.035
1641437252.209,46.875,23.926,110.840,134.766,110.840
1641437252.213,18.066,24.902,-8.789,71.289,81.055
1641437252.217,-13.184,22.461,-163.086,-28.320,42.969
1641437252.221,10.254,20.020,-126.465,12.695,58.594
1641437252.225,50.781,25.879,-123.047,123.535,60.547
1641437252.229,40.527,26.855,-76.172,108.398,50.293
1641437252.232,2.441,23.926,-99.609,-5.859,70.312
1641437252.236,9.277,23.438,-7.812,-4.883,121.582
1641437252.240,40.527,16.113,89.844,86.914,99.121
1641437252.244,32.715,12.695,100.098,114.258,49.316
1641437252.248,-7.812,18.555,54.688,9.766,51.758
1641437252.252,-12.207,23.438,-37.109,-46.387,53.223
1641437252.256,16.113,26.855,23.926,34.668,53.711
1641437252.260,25.879,20.996,-209.473,87.402,34.668
1641437252.264,-3.906,24.902,-365.723,5.371,20.508
1641437252.268,-24.902,32.227,-109.375,-72.266,18.066
1641437252.272,0.000,23.926,-203.613,-10.254,20.508
1641437252.276,26.855,15.625,-173.340,86.914,66.406
1641437252.279,1.465,15.625,-35.645,55.664,62.988
1641437252.283,-34.180,24.414,-135.742,-36.621,64.453
1641437252.287,-19.043,25.391,-235.840,1.465,55.664
1641437252.291,11.230,23.926,-395.996,113.770,24.902
1641437252.295,0.488,26.367,-155.273,102.051,28.809
1641437252.310,-39.062,22.949,-9.766,-12.695,36.621
1641437252.314,-45.898,16.113,-248.047,-30.762,49.805
1641437252.318,-8.301,23.438,-170.410,74.219,76.172
1641437252.322,-3.418,26.855,84.473,123.535,120.117
1641437252.326,-40.039,18.555,8.789,24.414,56.152
1641437252.330,-38.086,14.160,-407.227,-18.066,-17.090
1641437252.334,-9.766,13.672,-751.465,92.285,6.836
1641437252.337,3.906,19.531,-275.879,175.293,95.703
1641437252.341,-22.949,26.855,110.840,106.934,120.117
1641437252.345,-46.875,28.809,-147.949,10.742,48.340
1641437252.349,-18.555,28.320,-157.227,57.129,83.984
1641437252.353,9.766,27.832,124.023,161.621,137.695
1641437252.355,-12.207,26.855,187.500,125.000,113.770
1641437252.359,-50.293,23.926,-116.211,10.254,71.289
1641437252.363,-42.480,24.902,-142.090,21.484,29.785
1641437252.367,-12.695,20.508,169.434,125.000,40.039
1641437252.371,-22.949,8.789,245.117,125.977,44.922
1641437252.375,-64.453,12.695,27.344,-3.418,46.387
1641437252.379,-60.059,23.926,-131.836,-44.434,9.277
1641437252.382,-11.719,32.227,37.598,42.969,4.883
1641437252.386,-1.465,29.297,180.664,69.824,23.926
1641437252.390,-48.340,19.043,-139.160,-57.617,39.551
1641437252.394,-58.105,17.578,-508.789,-145.020,2.441
1641437252.398,-19.043,21.484,-208.984,-76.660,-1.465
1641437252.401,-5.371,24.414,214.355,-33.203,19.043
1641437252.405,-38.086,25.391,119.141,-113.281,-9.766
1641437252.409,-62.012,17.090,71.289,-205.078,-17.578
1641437252.413,-38.086,10.742,160.645,-181.641,-20.020
1641437252.417,-5.371,19.043,148.926,-79.590,-0.488
1641437252.421,-18.555,21.484,42.969,-88.867,-5.859
1641437252.425,-48.828,17.578,-97.168,-197.266,-50.781
1641437252.428,-35.156,19.531,-29.785,-195.801,-68.848
1641437252.432,1.465,19.531,-55.176,-80.078,-45.898
1641437252.436,1.465,22.949,-153.809,-46.387,-62.988
1641437252.440,-33.691,28.809,37.598,-139.648,-103.516
1641437252.444,-36.621,25.391,-20.508,-151.367,-94.727
1641437252.460,-4.395,21.973,34.180,-26.855,-46.387
1641437252.464,1.953,12.695,330.078,54.688,16.602
1641437252.468,-41.504,10.742,292.480,-31.738,10.742
1641437252.472,-69.824,14.648,1.953,-104.004,-41.504
1641437252.476,-37.109,21.973,3.418,-13.672,-34.668
1641437252.480,-5.859,30.762,139.648,75.684,-5.859
1641437252.484,-34.668,26.855,99.609,8.301,14.648
1641437252.487,-64.453,21.484,-84.473,-83.496,0.000
1641437252.491,-41.992,20.020,-484.375,-39.551,-52.734
1641437252.495,-10.254,21.973,-224.609,85.938,22.949
1641437252.499,-28.320,18.555,312.500,101.074,125.488
1641437252.503,-66.895,20.020,110.352,-16.602,50.293
1641437252.490,-57.617,18.555,-61.523,-29.785,0.488
1641437252.494,-18.555,17.090,138.672,78.125,28.320
1641437252.498,-8.301,20.508,234.863,124.512,6.348
1641437252.502,-38.574,18.555,7.324,34.180,-26.855
1641437252.506,-43.945,14.648,-125.977,-16.113,-36.133
1641437252.510,-5.371,18.066,-102.539,71.777,-0.977
1641437252.514,18.555,20.996,-75.195,144.531,91.309
1641437252.517,-6.836,22.949,-96.680,81.543,97.656
1641437252.521,-29.297,20.020,-161.133,8.301,49.805
1641437252.525,-2.930,26.367,-124.512,75.195,59.570
1641437252.529,28.320,27.344,16.602,181.641,107.910
1641437252.533,-4.883,13.184,-388.184,127.930,71.777
1641437252.536,-41.016,15.137,-853.027,19.043,35.645
1641437252.540,-14.648,32.227,-578.125,47.363,72.754
1641437252.544,23.438,33.691,-444.336,145.996,125.488
1641437252.548,4.395,23.926,-663.574,114.746,188.965
1641437252.552,-36.621,26.855,-884.277,-23.926,135.254
1641437252.556,-35.156,28.809,-972.168,-39.062,94.727
1641437252.560,-4.395,28.320,-965.332,62.500,103.516
1641437252.563,-9.277,40.039,-968.750,88.867,119.629
1641437252.567,-44.922,48.828,-969.727,-16.113,154.785
1641437252.571,-50.293,43.945,-969.238,-64.941,114.258
1641437252.575,-32.715,37.109,-969.238,27.344,118.164
1641437252.579,-18.066,47.363,-969.238,109.863,145.996
1641437252.581,-48.340,52.734,-969.238,62.012,140.137
1641437252.585,-79.102,52.246,-969.238,-15.625,104.980
1641437252.589,-57.129,55.176,-969.238,48.340,70.312
1641437252.593,-25.879,49.316,-969.727,190.918,110.352
1641437252.597,-44.922,48.828,-969.727,187.500,155.273
1641437252.601,-90.820,54.199,-969.727,83.496,94.727
1641437252.605,-82.031,55.664,-969.238,87.402,60.059
1641437252.608,-44.434,54.199,-969.238,205.078,67.871
1641437252.612,-45.898,55.664,-969.727,254.883,116.699
1641437252.616,-82.520,55.176,-965.332,165.039,162.598
1641437252.620,-85.938,47.852,-972.656,150.391,136.230
1641437252.624,-42.969,49.316,-939.453,277.832,132.324
1641437252.626,-36.621,44.434,-779.785,355.469,148.926
1641437252.630,-88.379,39.551,-732.910,259.766,137.695
1641437252.634,-93.262,41.016,-841.309,196.777,96.680
1641437252.638,-52.734,38.574,-614.258,258.301,122.070
1641437252.642,-43.945,37.109,-264.160,290.527,135.742
1641437252.646,-71.777,37.598,-325.684,187.012,78.125
1641437252.650,-87.891,34.668,-801.270,37.109,28.809
1641437252.653,-59.082,28.809,-728.027,21.484,68.848
1641437252.657,-28.809,25.391,-114.746,73.730,169.434
1641437252.661,-41.504,21.973,14.160,-12.695,197.754
1641437252.665,-69.824,23.926,-206.543,-172.852,160.645
1641437252.669,-64.453,20.508,-197.754,-213.379,128.418
1641437252.686,-27.832,18.066,9.277,-127.441,134.277
1641437252.690,-14.160,18.066,49.316,-99.121,129.395
1641437252.694,-44.922,2.930,-142.090,-210.449,85.449
1641437252.698,-41.016,-6.348,-185.059,-234.863,97.656
1641437252.702,-2.930,-0.977,49.316,-133.301,141.602
1641437252.706,6.836,-0.488,-62.012,-76.172,88.867
1641437252.710,-22.949,-4.395,-392.578,-153.809,15.625
1641437252.713,-33.203,-0.977,-204.102,-217.773,50.293
1641437252.717,9.766,-3.906,62.988,-121.582,52.734
1641437252.721,46.875,-6.836,154.785,-12.207,22.949
1641437252.725,22.949,-6.836,173.340,-54.199,58.594
1641437252.729,-0.488,-7.812,175.781,-130.371,56.152
1641437252.730,30.273,-5.859,227.051,-63.477,-4.883
1641437252.734,70.801,-8.789,384.766,73.730,10.254
1641437252.738,60.547,-5.371,629.395,80.078,51.758
1641437252.742,30.273,0.488,582.520,-34.668,8.789
1641437252.746,40.039,-2.441,458.008,-39.062,12.695
1641437252.750,73.730,-0.977,509.277,63.965,76.172
1641437252.754,77.637,1.465,639.648,94.238,69.336
1641437252.757,44.434,2.441,615.234,-23.438,40.527
1641437252.761,41.016,0.488,500.000,-85.449,35.645
1641437252.765,78.613,-1.953,255.371,2.441,7.812
1641437252.769,103.516,5.371,520.020,59.570,24.414
1641437252.773,74.219,5.859,851.562,-26.367,35.156
1641437252.775,46.875,-5.859,613.770,-117.676,6.836
1641437252.779,78.613,-9.277,605.957,-58.594,-23.438
1641437252.783,106.934,-3.418,887.695,48.828,8.789
1641437252.787,75.195,-3.418,976.562,2.441,74.707
1641437252.791,40.527,-3.906,775.391,-103.027,36.621
1641437252.795,58.105,0.000,643.066,-62.988,4.395
1641437252.799,89.844,4.883,788.086,61.523,34.668
1641437252.802,79.102,2.441,-950.684,71.289,102.051
1641437252.806,36.621,-7.324,751.953,-43.457,38.086
1641437252.810,36.133,-6.836,432.129,-59.570,-38.086
1641437252.814,74.219,-0.977,858.887,52.734,8.789
1641437252.818,77.148,-1.953,-967.773,108.398,42.969
1641437252.821,37.598,-3.906,948.242,1.953,63.477
1641437252.825,27.832,2.441,950.684,-56.641,34.668
1641437252.829,52.246,10.254,993.652,38.086,24.902
1641437252.833,63.477,6.836,998.535,115.234,18.555
1641437252.837,34.668,8.789,-990.723,53.223,-2.441
1641437252.841,17.090,13.184,928.711,-36.133,-12.207
1641437252.845,47.363,11.719,909.668,20.996,-4.395
1641437252.848,76.172,9.277,992.188,135.254,1.953
1641437252.852,53.711,10.254,905.273,115.234,-6.836
1641437252.856,17.578,9.277,953.125,7.324,-3.906
1641437252.860,36.133,7.324,-985.840,15.625,1.953
1641437252.864,76.660,7.324,991.211,144.043,34.180
1641437252.865,70.312,12.695,997.070,170.898,76.660
1641437252.869,33.203,13.672,-999.512,48.828,49.805
1641437252.873,24.902,9.766,999.512,15.625,6.348
1641437252.877,52.246,13.672,980.469,114.746,22.949
1641437252.881,58.105,9.766,-997.070,173.828,47.363
1641437252.885,12.207,8.789,935.547,90.820,75.684
1641437252.889,-1.953,11.230,771.484,20.996,70.801
1641437252.892,26.855,4.883,609.863,84.473,21.973
1641437252.896,47.363,-2.930,750.000,155.762,39.062
1641437252.900,27.344,1.465,-968.262,93.262,74.219
1641437252.904,3.418,7.812,880.859,2.441,46.875
1641437252.908,28.320,13.184,747.070,52.246,34.180
1641437252.912,62.500,18.555,908.691,163.574,60.059
1641437252.916,47.852,15.625,-954.102,148.438,59.082
1641437252.920,13.184,16.113,772.461,54.199,30.762
1641437252.924,28.320,16.113,578.125,83.496,9.277
1641437252.928,60.547,10.742,881.836,208.984,41.992
1641437252.932,57.129,8.301,-976.562,250.977,94.238
1641437252.936,22.949,12.695,830.078,137.695,106.445
1641437252.939,26.367,11.719,551.270,82.520,72.754
1641437252.943,66.406,11.719,789.551,181.641,93.750
1641437252.947,79.102,19.043,-942.383,231.934,101.074
1641437252.951,42.480,19.531,864.258,111.328,60.547
1641437252.955,20.020,12.207,577.637,9.766,-5.371
1641437252.956,48.340,11.230,715.820,88.867,-10.742
1641437252.960,76.172,14.648,948.730,180.664,64.453
1641437252.964,49.316,11.719,791.992,115.234,68.848
1641437252.968,14.648,9.277,625.000,21.484,63.965
1641437252.972,28.320,7.324,587.891,60.547,77.148
1641437252.976,62.012,9.766,579.590,163.086,69.824
1641437252.980,58.105,7.812,374.023,148.438,45.410
1641437252.983,8.789,0.977,61.035,20.508,-18.555
1641437252.987,9.277,8.301,258.789,-11.230,12.695
1641437252.991,49.805,14.648,521.973,93.750,84.961
1641437252.995,46.875,15.625,601.074,135.254,103.516
1641437252.999,7.812,12.695,500.000,26.367,62.500
1641437253.000,2.441,8.789,383.789,-17.090,29.785
1641437253.004,36.133,7.324,388.184,65.918,18.066
1641437253.008,52.246,14.160,426.758,125.488,16.602
1641437253.012,22.461,17.578,414.551,41.504,21.973
1641437253.016,3.906,6.348,255.371,-46.387,-15.625
1641437253.020,36.133,7.812,99.121,32.715,-12.695
1641437253.024,66.895,11.230,16.113,110.352,20.508
1641437253.027,46.387,4.395,158.203,39.062,60.547
1641437253.031,20.508,5.859,256.836,-87.402,68.848
1641437253.035,35.645,13.184,62.988,-81.055,58.105
1641437253.039,71.777,19.043,87.891,26.855,62.012
1641437253.043,71.289,24.414,384.277,36.133,84.961
1641437253.060,44.922,25.391,312.988,-63.477,76.660
1641437253.064,48.828,20.996,44.922,-82.031,7.324
1641437253.068,53.711,10.254,131.348,9.766,-21.484
1641437253.072,45.410,7.812,376.953,74.219,0.977
1641437253.076,17.090,9.766,246.094,-15.137,33.203
1641437253.080,1.465,9.277,-164.551,-95.703,-0.977
1641437253.084,43.945,13.184,-231.934,10.742,-16.602
1641437253.087,71.777,15.137,133.789,105.957,53.223
1641437253.091,32.227,16.113,214.844,24.414,28.809
1641437253.095,4.395,17.090,-195.312,-65.918,-0.488
1641437253.099,23.438,20.020,-274.414,-4.883,28.809
1641437253.103,42.969,21.484,158.203,107.910,94.238
1641437253.106,26.367,18.066,249.023,87.402,135.254
1641437253.110,-10.742,14.160,-54.688,-29.297,65.430
1641437253.114,-11.719,12.695,-106.934,-33.203,39.551
1641437253.118,25.879,14.648,134.766,78.125,72.266
1641437253.122,27.344,14.160,181.152,106.445,109.375
1641437253.126,-15.625,18.066,-83.008,-2.930,101.562
1641437253.130,-18.066,18.066,-260.742,-31.738,75.684
1641437253.133,18.066,10.254,-22.949,62.500,114.746
1641437253.137,21.484,9.766,22.461,117.676,109.375
1641437253.141,-19.531,13.672,-338.867,39.062,94.727
1641437253.145,-33.203,18.555,-272.461,-34.180,109.863
1641437253.149,-7.812,13.184,-52.734,48.828,125.488
1641437253.151,6.836,7.812,-50.293,132.812,118.164
1641437253.155,-19.043,11.719,-97.656,76.172,150.391
1641437253.159,-47.852,11.230,-119.141,-6.348,134.277
1641437253.163,-30.762,6.836,-98.145,41.992,96.191
1641437253.167,4.395,8.301,-79.590,174.805,112.793
1641437253.171,-5.371,12.207,-88.867,178.711,115.234
1641437253.175,-40.039,12.695,-166.016,77.148,42.969
1641437253.178,-28.809,11.230,-216.797,80.566,-33.203
1641437253.182,6.348,15.137,-109.375,177.246,-11.719
1641437253.186,-2.441,19.531,115.234,190.430,62.012
1641437253.190,-43.457,17.578,116.699,59.570,57.129
1641437253.194,-45.410,15.137,-68.848,-9.766,0.977
1641437253.195,-6.348,19.043,-85.938,81.055,-39.062
1641437253.199,8.789,22.461,81.055,149.902,-57.129
1641437253.203,-38.086,17.090,168.457,53.711,-19.043
1641437253.207,-60.059,12.695,12.207,-40.527,-42.969
1641437253.211,-22.949,8.789,-344.238,36.133,-83.984
1641437253.215,4.883,10.742,-310.059,144.531,-33.691
1641437253.219,-24.414,14.648,10.742,103.027,-3.418
1641437253.222,-58.594,12.207,-94.238,6.348,-12.695
1641437253.226,-37.598,15.625,-342.285,27.832,7.812
1641437253.230,-5.859,19.043,18.555,133.789,65.430
1641437253.234,-12.695,15.137,397.949,136.719,98.145
1641437253.238,-41.016,11.719,124.512,-2.441,32.715
1641437253.241,-36.621,11.719,-35.156,-31.250,-19.043
1641437253.245,-0.977,14.160,204.102,80.078,41.016
1641437253.249,8.301,8.789,375.000,116.211,89.355
1641437253.253,-27.832,5.859,176.270,0.488,104.004
1641437253.257,-38.086,15.625,-21.973,-67.871,101.562
1641437253.261,-2.930,21.484,-28.809,10.742,73.730
1641437253.265,16.602,22.461,19.043,72.754,50.293
1641437253.268,-18.066,20.508,-257.324,-22.461,-7.324
1641437253.272,-43.945,17.578,-527.344,-124.512,-8.789
1641437253.276,-9.277,18.555,-163.574,-62.012,33.203
1641437253.280,23.926,14.648,130.371,32.715,43.945
1641437253.284,-1.465,14.648,38.086,-3.906,15.625
1641437253.301,-36.133,15.137,-143.555,-98.145,-14.160
1641437253.305,-26.367,12.207,-92.285,-65.918,12.695
1641437253.309,8.301,12.207,2.441,54.688,41.504
1641437253.313,-3.418,5.859,-22.461,62.988,38.574
1641437253.317,-45.410,6.348,-90.332,-58.594,13.672
1641437253.321,-38.574,9.277,-225.098,-75.684,-0.488
1641437253.325,0.000,10.742,-254.883,41.504,45.410
1641437253.328,4.883,18.066,-302.246,93.262,37.109
1641437253.332,-35.645,15.625,-140.137,2.930,29.785
1641437253.336,-45.898,12.207,-142.578,-52.246,10.254
1641437253.340,-7.812,14.160,-363.281,39.062,-11.230
1641437253.344,21.484,20.508,-140.625,138.672,36.133
1641437253.330,0.977,19.531,90.332,91.309,64.453
1641437253.334,-34.180,8.301,-55.664,-10.742,26.367
1641437253.338,-26.367,11.230,-172.363,18.066,-4.883
1641437253.342,6.836,15.137,-11.230,127.441,39.062
1641437253.346,3.418,20.996,105.957,117.676,39.551
1641437253.350,-26.855,16.113,-183.105,11.719,15.137
1641437253.354,-14.648,11.719,-299.316,19.531,-6.348
1641437253.357,33.691,17.578,3.418,137.207,34.180
1641437253.361,37.109,13.672,162.598,166.992,65.430
1641437253.365,-0.977,10.254,104.004,60.059,42.480
1641437253.369,-2.441,13.184,-319.824,21.973,4.883
1641437253.373,36.621,11.230,-295.898,107.422,-7.324
1641437253.391,46.875,5.859,190.430,162.109,39.062
1641437253.395,11.719,10.254,94.727,75.195,26.855
1641437253.399,0.000,16.113,-208.008,-5.371,-21.973
1641437253.403,37.109,16.113,-19.043,73.730,41.992
1641437253.407,62.988,16.113,338.379,152.344,108.887
1641437253.411,27.344,14.648,108.887,72.754,41.992
1641437253.415,-3.418,15.137,-360.840,-27.832,18.066
1641437253.418,21.484,17.090,-201.660,-1.465,16.602
1641437253.422,53.223,20.996,235.840,105.469,49.316
1641437253.426,46.387,24.414,156.738,93.750,88.379
1641437253.430,15.137,19.043,-74.219,-31.250,44.434
1641437253.434,20.996,14.648,-108.398,-35.645,36.133
1641437253.436,59.082,21.973,-35.156,73.242,42.969
1641437253.440,59.082,21.973,63.965,113.281,78.613
1641437253.444,12.695,20.020,-38.574,0.488,76.660
1641437253.448,2.441,17.578,-205.566,-50.293,47.852
1641437253.452,47.363,12.695,-101.074,56.152,21.484
1641437253.456,65.918,14.160,-1.465,125.488,9.277
1641437253.460,33.203,21.973,-73.242,43.457,32.715
1641437253.463,20.020,18.066,-66.406,-40.039,25.391
1641437253.467,48.828,12.207,30.762,23.438,7.812
1641437253.471,72.266,16.113,-100.586,123.535,3.906
1641437253.475,51.758,23.438,-293.945,76.172,-13.184
1641437253.479,27.344,32.715,-124.512,-26.855,-0.488
1641437253.480,41.016,23.926,-48.340,-6.348,8.789
1641437253.484,71.289,16.602,44.922,93.750,25.391
1641437253.488,62.012,22.949,219.727,98.633,78.613
1641437253.492,21.484,22.949,106.934,-25.879,68.359
1641437253.496,18.555,15.625,-80.078,-48.340,26.367
1641437253.500,47.852,9.766,-76.172,55.176,30.762
1641437253.504,50.781,13.672,2.441,91.797,26.367
1641437253.507,14.160,16.113,-11.230,-9.766,18.555
1641437253.511,6.348,20.508,-137.207,-66.895,-0.977
1641437253.515,41.016,21.484,-516.602,19.043,-54.688
1641437253.519,58.594,20.020,-235.352,99.121,3.418
1641437253.523,24.902,19.043,129.395,32.715,23.926
1641437253.525,0.977,17.578,-129.883,-54.688,-0.488
1641437253.529,25.879,20.508,-118.164,7.812,30.273
1641437253.533,50.781,11.719,151.855,122.070,87.891
1641437253.537,27.832,9.766,197.754,83.984,74.219
1641437253.541,-7.324,19.531,-34.180,-21.484,-14.648
1641437253.545,11.719,22.461,-172.363,8.301,-14.648
1641437253.549,48.340,25.879,-120.117,115.723,-5.859
1641437253.552,44.434,23.926,89.355,126.953,17.090
1641437253.556,14.648,19.043,-169.922,4.883,-11.719
1641437253.560,16.113,19.531,-403.809,-25.879,-37.598
1641437253.564,51.758,20.508,62.012,87.402,50.293
1641437253.568,56.152,20.020,285.645,147.461,97.168
1641437253.570,12.695,15.137,68.359,43.457,82.520
1641437253.574,6.836,16.113,-96.680,-34.668,43.945
1641437253.578,44.922,27.344,104.980,45.410,43.457
1641437253.582,67.871,29.785,208.008,116.699,104.492
1641437253.586,41.992,27.832,6.836,52.246,92.285
1641437253.590,15.625,24.902,-142.578,-41.992,67.871
1641437253.594,46.387,16.113,-139.648,6.348,72.266
1641437253.597,85.449,19.043,-4.395,117.188,62.012
1641437253.601,52.246,24.414,-19.043,78.613,54.688
1641437253.605,6.348,26.855,51.270,-39.062,98.633
1641437253.609,20.996,23.926,33.691,-47.363,120.117
1641437253.613,57.129,20.020,-80.078,55.664,114.746
1641437253.615,58.594,26.367,-71.777,84.961,99.121
1641437253.619,26.367,20.996,-65.918,-22.461,95.215
1641437253.623,14.648,14.648,-90.820,-67.383,111.816
1641437253.627,37.109,19.043,-221.191,9.766,118.652
1641437253.631,48.340,17.578,-281.250,52.734,102.051
1641437253.635,5.859,19.043,-113.770,-40.527,87.402
1641437253.639,-6.348,21.973,-201.660,-111.816,30.273
1641437253.642,35.156,21.484,-411.133,-34.668,-8.789
1641437253.646,54.688,22.949,-240.723,50.293,55.176
1641437253.650,29.785,20.020,153.320,-5.371,97.168
1641437253.654,-3.418,11.230,45.898,-109.863,90.332
1641437253.658,16.602,6.836,-221.680,-91.309,8.789
1641437253.660,57.129,16.602,-30.273,11.230,20.508
1641437253.664,47.852,28.320,217.285,-5.859,120.605
1641437253.668,9.766,25.391,-137.207,-119.629,69.824
1641437253.672,8.789,17.090,-356.934,-102.051,44.434
1641437253.676,44.434,20.020,-72.266,5.371,46.875
1641437253.680,51.270,21.484,56.152,44.434,60.059
1641437253.684,9.277,17.578,-159.180,-52.734,54.688
1641437253.687,2.930,20.020,-448.242,-114.746,-5.371
1641437253.691,51.758,20.508,-133.789,-8.789,5.859
1641437253.695,67.871,13.672,252.441,67.383,55.664
1641437253.699,22.949,15.625,41.504,-28.320,26.367
1641437253.703,-3.418,22.461,-174.805,-137.207,-13.672
1641437253.727,35.156,22.949,-69.336,-89.844,15.625
1641437253.731,63.965,22.949,152.344,15.137,110.840
1641437253.735,29.785,23.438,31.738,-30.273,131.836
1641437253.739,-6.836,14.160,-284.180,-135.742,58.594
1641437253.743,13.184,15.625,-238.770,-120.117,17.090
1641437253.747,55.664,25.391,-192.871,-21.973,0.000
1641437253.751,48.828,21.973,-314.453,-18.066,0.488
1641437253.754,9.277,11.719,-320.801,-141.113,-3.418
1641437253.758,12.207,8.789,-364.258,-179.688,-30.762
1641437253.762,48.340,15.625,-270.020,-90.332,-31.738
1641437253.766,58.105,20.020,-424.805,-33.203,-35.156
1641437253.770,20.996,22.949,-691.895,-124.512,-72.754
1641437253.750,11.719,26.855,-433.105,-172.852,-62.012
1641437253.754,51.270,24.902,-308.105,-63.965,-54.688
1641437253.758,71.777,22.461,-294.434,26.855,-61.523
1641437253.762,40.527,25.879,-315.430,-31.738,-53.711
1641437253.766,12.695,23.438,-442.383,-100.586,-90.332
1641437253.770,37.109,20.508,-495.605,-12.695,-135.742
1641437253.774,67.383,20.508,-346.191,118.164,-93.262
1641437253.777,44.922,16.602,-185.547,107.422,-42.480
1641437253.781,9.277,21.484,-285.645,12.695,-39.062
1641437253.785,20.020,20.508,-427.246,41.504,-59.570
1641437253.789,56.152,21.484,-513.672,156.738,-43.945
1641437253.793,52.734,26.367,-567.871,161.621,-18.555
1641437253.810,12.207,25.391,-677.246,27.832,-43.457
1641437253.814,9.277,26.367,-503.906,-20.020,-66.406
1641437253.818,44.922,27.344,-138.672,75.195,-28.809
1641437253.822,53.711,23.438,44.922,116.211,-9.766
1641437253.826,9.277,16.113,-48.340,-3.906,-26.367
1641437253.830,-12.207,16.602,-469.727,-91.309,-62.500
1641437253.834,20.508,21.973,-490.234,-0.488,-49.805
1641437253.837,38.574,24.414,-136.230,94.727,-29.785
1641437253.841,14.648,25.879,-94.238,34.668,-77.148
1641437253.845,-7.812,25.879,-494.141,-41.504,-83.984
1641437253.849,11.230,27.344,-597.656,25.879,-68.848
1641437253.853,43.457,28.809,-68.848,146.484,-40.527
1641437253.855,37.598,23.438,112.793,132.324,5.859
1641437253.859,2.441,12.695,-191.406,16.113,-11.719
1641437253.863,1.953,11.230,-232.422,5.371,-45.410
1641437253.867,37.109,18.555,48.828,96.680,13.184
1641437253.871,35.645,18.066,105.957,110.840,49.805
1641437253.875,2.930,19.531,-165.527,-21.484,28.809
1641437253.879,-0.488,20.020,-314.453,-88.379,37.598
1641437253.882,35.156,19.043,-88.867,-0.488,45.410
1641437253.886,50.293,22.461,10.742,55.176,45.898
1641437253.890,19.531,20.996,-356.934,-27.344,28.809
1641437253.894,3.418,16.113,-404.785,-97.656,22.461
1641437253.898,26.855,17.090,-212.402,-30.273,72.266
1641437253.901,55.176,18.555,-292.480,51.758,66.406
1641437253.905,33.203,15.625,-468.750,3.418,47.363
1641437253.909,0.488,20.020,-537.598,-87.891,25.879
1641437253.913,21.484,27.344,-528.320,-46.875,-9.277
1641437253.917,57.129,29.785,-582.031,85.449,19.043
1641437253.921,45.410,26.367,-636.719,98.633,35.156
1641437253.925,8.301,22.949,-712.402,0.000,-37.598
1641437253.928,16.602,26.367,-637.695,27.832,-90.820
1641437253.932,55.664,27.832,-637.695,163.086,-44.922
1641437253.936,48.828,28.320,-623.047,208.984,-19.531
1641437253.940,3.906,27.344,-330.078,101.074,-16.113
1641437253.944,-0.977,17.090,-466.797,35.645,-59.082
1641437253.946,36.621,20.996,-501.465,128.418,-99.121
1641437253.950,53.711,29.297,-218.262,194.336,-43.945
1641437253.954,20.996,27.344,-118.652,122.559,-25.391
1641437253.958,4.883,25.879,-356.445,41.016,-63.965
1641437253.962,38.086,26.855,-561.035,81.055,-75.684
1641437253.966,66.895,29.297,-443.848,161.621,-55.664
1641437253.970,45.410,28.809,-338.867,102.539,-36.621
1641437253.973,14.648,30.762,-482.422,-9.766,-86.426
1641437253.977,26.855,25.391,-840.820,-0.977,-111.328
1641437253.981,63.477,23.438,-596.191,85.938,-61.523
1641437253.985,57.129,23.438,-87.402,87.891,-21.973
1641437253.989,14.160,16.602,-294.434,-33.203,-56.641
1641437253.991,17.578,17.578,-447.754,-46.875,-97.168
1641437253.995,55.664,25.391,-246.582,48.828,-87.402
1641437253.999,64.941,29.785,-59.082,63.965,-52.734
1641437254.003,27.344,29.297,-209.473,-57.129,-87.402
1641437254.007,20.508,27.832,-384.766,-136.230,-75.684
1641437254.011,55.664,23.438,-424.316,-100.098,-44.922
1641437254.015,69.336,18.555,-369.141,-86.426,-82.520
1641437254.018,35.156,15.137,-583.984,-189.941,-130.859
1641437254.022,9.766,10.742,-915.527,-306.641,-157.715
1641437254.026,39.062,11.719,-567.383,-284.668,-125.977
1641437254.030,68.848,16.602,-284.180,-211.426,-102.539
1641437254.034,38.086,19.531,-389.160,-271.484,-95.215
1641437254.035,-1.953,18.066,-463.379,-392.578,-104.004
1641437254.039,12.695,19.531,-443.359,-390.137,-85.938
1641437254.043,43.457,21.973,-363.281,-297.852,-84.961
1641437254.047,34.180,20.020,-306.152,-277.832,-105.469
1641437254.051,-8.301,20.996,-330.566,-361.816,-70.312
1641437254.055,-17.578,17.090,-529.297,-357.422,-57.617
1641437254.059,16.113,16.113,-537.109,-213.867,-55.664
1641437254.062,27.832,22.949,-546.875,-102.051,-60.547
1641437254.066,-15.137,19.043,-513.672,-147.949,-70.801
1641437254.070,-25.391,13.672,-471.191,-171.387,-92.773
1641437254.074,26.855,16.113,-644.043,-14.160,-81.543
1641437254.078,54.688,21.484,-462.891,140.137,7.812
1641437254.080,-1.465,23.926,-315.918,91.797,-5.859
1641437254.084,-40.527,24.414,-529.785,12.207,-24.414
1641437254.088,-0.488,30.273,-646.484,90.332,1.953
1641437254.092,26.367,32.227,-495.605,208.496,-1.465
1641437254.096,-3.418,33.203,-280.273,192.383,21.484
1641437254.100,-42.969,30.762,-446.289,88.379,42.480
1641437254.104,-37.109,25.391,-823.730,92.285,54.199
1641437254.107,-3.906,22.949,-712.891,198.730,68.359
1641437254.111,1.465,23.926,-158.203,241.699,104.492
1641437254.115,-31.738,25.879,-42.480,151.367,115.723
1641437254.119,-32.715,18.555,-198.730,116.699,86.426
1641437254.123,8.301,17.578,-73.242,228.516,91.797
1641437254.126,21.484,23.438,121.582,304.688,114.746
1641437254.130,-16.602,23.926,32.715,226.562,106.934
1641437254.134,-39.551,24.902,-122.070,165.527,99.121
1641437254.138,-8.301,19.043,16.113,244.629,114.746
1641437254.142,22.949,17.090,385.254,336.914,152.344
1641437254.146,-2.930,20.996,333.984,296.387,139.648
1641437254.150,-32.715,19.531,-136.719,185.547,32.227
1641437254.153,-11.719,22.461,31.738,196.289,55.176
1641437254.157,19.043,19.531,528.320,288.086,146.484
1641437254.161,10.254,12.695,535.645,262.207,146.484
1641437254.165,-18.555,12.695,321.289,126.465,106.934
1641437254.169,-9.277,22.461,315.430,100.098,84.961
1641437254.186,28.320,26.367,458.496,187.988,94.727
1641437254.190,27.832,18.555,500.977,202.637,144.531
1641437254.194,-3.906,17.578,378.418,77.148,119.141
1641437254.198,-2.441,21.484,147.949,12.695,17.578
1641437254.202,32.227,22.461,265.137,102.539,38.086
1641437254.206,42.969,21.973,172.363,159.180,28.320
1641437254.210,17.090,24.414,-205.566,75.195,-11.230
1641437254.213,2.930,22.949,4.883,-9.766,17.578
1641437254.217,23.438,15.625,186.523,56.641,21.484
1641437254.221,54.688,18.555,245.605,183.105,42.480
1641437254.225,37.598,22.949,229.980,149.414,37.598
1641437254.229,11.230,32.227,69.336,39.551,17.578
1641437254.230,21.484,25.391,11.719,46.387,25.391
1641437254.234,43.945,20.020,75.684,149.902,87.891
1641437254.238,36.133,26.367,176.270,167.480,120.605
1641437254.242,-8.301,16.602,90.332,50.293,92.773
1641437254.246,-7.324,10.742,-99.609,24.902,76.660
1641437254.250,24.902,15.137,-148.926,122.559,89.844
1641437254.254,26.367,21.484,-54.688,170.898,119.629
1641437254.257,-9.766,14.160,-23.438,81.055,106.445
1641437254.261,-28.809,11.719,-143.555,17.090,87.402
1641437254.265,2.930,18.555,-466.309,95.703,55.176
1641437254.269,34.668,21.484,-157.715,166.016,73.730
1641437254.273,9.277,23.438,232.910,93.262,92.773
1641437254.275,-9.766,21.973,-49.316,0.488,48.828
1641437254.279,24.902,28.809,-142.578,54.199,39.062
1641437254.283,53.223,31.250,241.211,170.898,115.723
1641437254.287,32.227,24.414,390.137,136.719,131.836
1641437254.291,-5.371,19.531,58.594,13.672,44.434
1641437254.295,14.160,25.391,-80.566,29.785,39.551
1641437254.299,54.199,21.973,61.035,133.301,81.543
1641437254.302,48.340,19.043,314.941,138.184,109.375
1641437254.306,10.742,20.996,32.715,15.137,77.637
1641437254.310,8.789,20.996,-420.898,-21.973,-7.324
1641437254.314,46.875,27.344,53.223,82.031,38.086
1641437254.318,53.223,28.320,428.711,127.441,108.887
1641437254.320,16.113,19.531,251.953,29.785,63.965
1641437254.324,-3.418,12.695,119.141,-54.199,-12.695
1641437254.328,29.785,15.137,240.234,10.742,-11.719
1641437254.332,58.594,20.508,347.656,93.750,4.883
1641437254.336,30.273,21.973,286.133,21.973,16.113
1641437254.340,3.418,13.672,89.844,-89.355,15.137
1641437254.344,39.062,7.324,-67.871,-72.754,-45.898
1641437254.347,74.219,20.508,-5.859,9.766,-47.852
1641437254.351,30.273,23.438,-166.504,-35.156,-64.941
1641437254.355,-19.043,20.020,-248.047,-170.410,-118.652
1641437254.359,-7.812,27.832,-47.363,-182.617,-110.840
1641437254.363,20.996,28.320,43.945,-84.473,-63.477
1641437254.365,10.742,18.555,123.047,-63.965,-24.902
1641437254.369,-36.621,15.137,106.445,-184.570,-55.664
1641437254.373,-35.645,17.090,-7.324,-230.469,-86.426
1641437254.377,17.578,17.578,-64.941,-124.023,-75.195
1641437254.381,34.668,13.672,10.742,-51.758,-63.477
1641437254.385,3.906,16.113,-33.691,-120.605,-99.609
1641437254.389,-7.812,24.902,-237.305,-172.852,-121.094
1641437254.392,12.207,20.508,-373.535,-91.309,-93.750
1641437254.396,42.480,18.555,-159.668,22.949,2.930
1641437254.400,23.438,21.973,154.785,1.953,5.859
1641437254.404,-11.230,18.066,0.488,-77.637,-2.930
1641437254.408,13.672,21.484,-61.035,-24.414,56.152
1641437254.410,47.852,22.949,112.793,96.680,43.945
1641437254.414,35.645,23.438,250.977,102.539,20.020
1641437254.418,0.000,16.113,-20.996,-12.695,8.789
1641437254.422,8.789,16.113,-295.898,-9.766,-21.973
1641437254.426,52.246,31.250,-41.504,125.488,15.137
1641437254.430,54.688,31.738,152.832,172.363,79.590
1641437254.434,8.301,26.367,-82.031,60.059,70.801
1641437254.437,-3.418,29.785,-461.914,11.230,35.156
1641437254.441,27.832,27.832,-242.676,114.258,47.852
1641437254.445,35.645,22.461,182.129,183.105,101.562
1641437254.449,-0.977,20.996,25.879,95.703,128.418
1641437254.453,-20.996,18.555,-194.824,-1.953,92.285
1641437254.456,7.812,17.578,-136.230,49.805,56.152
1641437254.460,39.551,20.996,39.062,149.902,104.980
1641437254.464,20.020,17.578,-45.410,98.145,125.977
1641437254.468,-8.789,20.508,-332.031,-22.949,68.359
1641437254.472,11.230,25.391,-377.930,-24.414,36.621
1641437254.476,48.340,26.855,-338.867,69.824,59.082
1641437254.480,38.086,26.367,-516.113,85.449,79.590
1641437254.483,-8.301,20.996,-818.359,-21.973,62.500
1641437254.487,-7.324,17.090,-625.000,-41.016,46.875
1641437254.491,36.133,21.484,-331.055,63.477,34.668
1641437254.495,48.828,23.438,-283.691,125.977,67.383
1641437254.499,7.324,14.160,-346.680,54.199,41.016
1641437254.501,-2.930,14.648,-394.531,5.371,24.414
1641437254.505,33.691,15.625,-370.605,114.746,17.090
1641437254.509,49.805,19.043,-275.879,206.055,49.316
1641437254.513,24.902,24.414,-178.223,152.344,93.262
1641437254.517,-9.277,18.066,-211.426,78.125,61.035
1641437254.521,10.742,21.484,-321.777,138.672,96.680
1641437254.525,49.316,29.297,-341.309,255.371,138.184
1641437254.528,26.855,22.461,-96.680,228.027,138.184
1641437254.532,-14.160,14.160,-142.090,105.469,54.199
1641437254.536,-4.395,14.648,-326.660,104.004,29.785
1641437254.540,40.039,21.484,-305.664,208.984,62.500
1641437254.544,37.109,19.043,-60.547,217.773,61.523
1641437254.560,-1.953,13.184,-81.543,84.961,77.148
1641437254.564,-0.488,15.625,-336.914,38.086,66.406
1641437254.568,36.133,23.926,-301.758,132.324,57.617
1641437254.572,47.363,24.414,-103.516,173.340,57.129
1641437254.576,10.254,19.531,-205.078,77.148,59.082
1641437254.580,1.953,23.438,-565.430,2.930,68.848
1641437254.584,43.945,24.902,-657.715,86.914,23.926
1641437254.587,68.848,23.438,-295.410,190.430,33.203
1641437254.591,42.480,23.926,-142.090,129.883,86.914
1641437254.595,10.742,15.625,-642.578,12.695,20.020
1641437254.599,33.203,19.531,-828.613,48.340,-3.906
1641437254.603,68.359,26.855,-307.129,165.527,75.684
1641437254.605,56.152,28.320,-95.215,146.484,119.629
1641437254.609,22.949,25.879,-351.074,11.719,80.078
1641437254.613,29.785,24.902,-398.438,-18.555,5.859
1641437254.617,62.500,21.973,-138.184,62.500,24.902
1641437254.621,67.383,17.090,-56.641,78.125,38.574
1641437254.625,32.227,20.508,-337.891,-60.547,0.000
1641437254.629,19.043,22.461,-533.691,-153.320,-0.488
1641437254.632,48.340,20.508,-304.199,-86.426,51.270
1641437254.636,64.941,23.926,-224.121,-33.691,44.434
1641437254.640,35.645,26.855,-524.414,-118.652,0.000
1641437254.644,11.719,21.973,-516.113,-217.285,22.461
1641437254.648,37.109,18.066,-397.461,-181.152,54.688
1641437254.651,65.918,26.855,-306.152,-93.262,75.684
1641437254.655,44.922,29.785,-429.688,-140.625,12.207
1641437254.659,15.625,31.250,-721.191,-238.770,-34.668
1641437254.663,23.438,27.344,-744.629,-212.402,-42.480
1641437254.667,47.363,20.508,-840.332,-115.723,-52.734
1641437254.671,36.133,23.926,-980.957,-119.629,-25.879
1641437254.675,3.418,27.344,-966.797,-231.934,-51.270
1641437254.678,19.043,35.645,-967.773,-224.609,-107.422
1641437254.682,50.781,26.367,-970.215,-91.797,-74.219
1641437254.686,45.898,33.203,-969.727,-31.250,-41.016
1641437254.690,12.207,47.363,-969.727,-94.238,-80.566
1641437254.694,-2.441,35.645,-969.727,-115.723,-137.207
1641437254.695,22.461,35.645,-969.727,-1.465,-168.945
1641437254.699,41.992,50.293,-969.727,108.887,-175.293
1641437254.703,3.418,54.688,-969.238,57.617,-146.484
1641437254.707,-41.016,50.781,-969.238,-53.223,-151.855
1641437254.711,-9.766,57.129,-969.727,18.066,-177.734
1641437254.715,24.414,61.523,-969.727,157.227,-143.555
1641437254.719,-14.648,56.641,-969.727,118.652,-137.695
1641437254.722,-50.781,58.594,-969.727,6.836,-200.195
1641437254.726,-47.363,59.082,-969.727,4.883,-219.727
1641437254.730,-24.902,62.500,-969.727,97.656,-192.871
1641437254.734,-31.250,67.871,-969.727,110.352,-166.992
1641437254.738,-65.918,63.477,-969.727,-3.418,-168.945
1641437254.740,-68.848,63.477,-969.727,-45.410,-173.340
1641437254.744,-36.621,63.965,-969.727,39.551,-113.770
1641437254.748,-32.715,61.035,-969.727,84.473,-54.688
1641437254.752,-71.289,64.453,-970.215,-6.348,-82.520
1641437254.756,-79.102,69.824,-964.355,-70.801,-116.699
1641437254.760,-52.246,70.312,-988.281,2.930,-80.566
1641437254.764,-34.668,67.871,-888.672,72.754,-14.160
1641437254.767,-56.152,67.871,-858.887,-1.953,-35.156
1641437254.771,-70.801,65.918,-988.770,-87.402,-46.387
1641437254.775,-44.922,58.105,-861.816,-33.691,30.273
1641437254.779,-14.160,53.711,-477.051,86.426,124.512
1641437254.783,-20.020,53.711,-368.652,61.523,136.719
1641437254.785,-53.711,47.852,-536.621,-73.242,74.707
1641437254.789,-38.086,49.805,-465.820,-67.383,109.863
1641437254.793,4.395,49.316,-365.234,30.762,114.746
1641437254.797,15.137,47.852,-279.297,67.871,99.121
1641437254.801,-14.648,47.363,-228.516,-23.438,73.242
1641437254.805,-11.719,45.898,-350.586,-57.129,45.898
1641437254.809,36.621,41.016,-278.320,68.359,87.891
1641437254.812,44.922,29.785,-243.164,139.160,95.703
1641437254.816,11.230,31.738,-58.594,51.270,114.746
1641437254.820,3.418,33.691,117.676,-19.531,95.703
1641437254.824,35.645,27.832,8.301,56.641,56.641
1641437254.828,60.059,23.926,285.156,144.531,104.004
1641437254.831,34.668,19.043,637.207,83.008,90.820
1641437254.835,8.301,15.137,558.105,-31.738,20.996
1641437254.839,31.250,17.578,486.816,-16.113,32.715
1641437254.843,68.359,19.043,755.859,102.539,109.863
1641437254.847,57.129,14.160,-999.512,108.887,139.648
1641437254.851,20.508,9.766,847.168,-9.766,57.617
1641437254.855,30.762,5.859,566.406,-16.602,13.672
1641437254.858,72.754,6.348,681.152,90.332,50.781
1641437254.862,74.707,8.301,-981.934,121.094,74.707
1641437254.866,37.598,11.719,998.047,6.836,68.848
1641437254.870,35.156,11.230,987.793,-54.688,73.730
1641437254.874,70.801,4.883,996.094,22.461,96.680
1641437254.891,83.496,-0.977,-994.629,78.613,117.188
1641437254.895,46.387,-1.953,994.629,-9.766,100.098
1641437254.899,32.227,5.371,914.551,-105.469,42.969
1641437254.903,70.801,14.160,947.266,-56.641,71.289
1641437254.907,100.098,9.277,-968.750,31.250,124.512
1641437254.911,68.848,-3.906,933.105,-20.508,120.605
1641437254.915,42.480,-8.789,594.727,-129.883,110.840
1641437254.918,63.477,-3.418,655.273,-97.168,104.492
1641437254.922,88.379,-1.953,979.004,13.672,99.609
1641437254.926,80.566,-0.488,888.184,33.691,73.730
1641437254.930,49.316,1.465,521.484,-61.035,44.434
1641437254.934,48.828,-3.418,599.609,-71.777,43.945
1641437254.936,83.008,0.000,916.992,60.547,88.379
1641437254.940,89.355,4.883,940.430,119.629,65.430
1641437254.944,47.852,4.395,850.586,14.160,-5.859
1641437254.948,37.598,7.324,715.332,-43.945,-3.418
1641437254.952,80.078,8.301,810.547,53.223,81.543
1641437254.956,104.492,11.230,930.176,135.254,93.750
1641437254.960,75.684,13.672,826.660,63.477,24.902
1641437254.963,53.711,10.254,881.348,-14.160,33.203
1641437254.967,80.078,8.301,-996.582,45.898,41.016
1641437254.971,109.863,5.859,904.785,158.203,54.199
1641437254.975,89.355,1.953,807.129,133.301,60.547
1641437254.979,52.246,-2.441,946.777,14.648,23.926
1641437254.980,61.035,-5.371,985.352,15.137,65.918
1641437254.984,96.191,6.348,991.211,127.930,92.285
1641437254.988,84.961,9.766,995.605,161.621,159.180
1641437254.992,42.969,5.371,-996.094,57.617,171.875
1641437254.996,44.434,4.883,989.746,41.504,105.957
1641437255.000,85.449,3.906,970.215,153.320,115.723
1641437255.004,94.238,6.348,980.957,217.285,156.738
1641437255.007,53.223,6.348,-996.582,139.160,150.879
1641437255.011,42.969,1.465,937.988,76.172,141.113
1641437255.015,74.707,2.930,675.781,158.203,124.023
1641437255.019,93.262,7.812,812.988,228.516,128.418
1641437255.023,73.730,5.371,-959.961,151.855,145.996
1641437255.025,50.293,0.977,944.824,47.852,84.961
1641437255.029,73.242,9.766,943.848,93.262,38.574
1641437255.033,108.398,16.602,-999.023,211.426,77.637
1641437255.037,94.238,11.230,-988.281,178.223,80.078
1641437255.041,57.617,11.719,921.387,56.152,38.086
1641437255.045,56.152,13.184,829.590,52.734,45.410
1641437255.049,86.426,10.254,905.762,144.043,106.445
1641437255.052,92.773,15.137,-951.172,172.852,137.207
1641437255.056,45.898,12.207,808.594,50.293,60.059
1641437255.060,35.156,14.648,590.820,-6.348,47.363
1641437255.064,73.242,15.625,916.504,100.586,91.309
1641437255.068,83.496,9.766,-970.703,168.945,81.543
1641437255.071,44.434,16.113,916.504,88.379,105.957
1641437255.075,29.297,22.461,844.238,13.672,103.516
1641437255.079,65.918,24.414,913.086,90.332,78.613
1641437255.083,89.844,22.461,993.164,188.477,111.328
1641437255.087,63.477,15.137,930.176,129.395,119.141
1641437255.091,31.250,8.789,668.945,17.578,78.125
1641437255.095,46.387,10.254,573.730,36.133,72.266
1641437255.098,74.707,13.672,760.254,137.207,97.656
1641437255.102,61.523,16.113,616.699,136.719,93.750
1641437255.106,21.973,17.090,577.637,19.043,67.383
1641437255.110,21.973,14.160,761.230,-1.465,94.727
1641437255.114,60.059,8.301,758.301,108.887,83.984
1641437255.115,63.477,7.812,784.668,159.180,83.496
1641437255.119,30.762,15.137,765.625,62.500,115.234
1641437255.123,18.066,17.578,644.531,-2.441,81.543
1641437255.127,49.316,18.066,538.574,76.660,54.688
1641437255.131,70.312,14.648,621.094,123.535,64.453
1641437255.135,41.504,14.160,619.629,7.324,53.223
1641437255.139,15.137,11.719,389.648,-103.516,25.879
1641437255.142,39.062,11.230,244.629,-51.270,30.762
1641437255.146,70.312,13.184,385.254,46.387,3.418
1641437255.150,48.340,9.766,716.309,2.441,-32.227
1641437255.154,15.137,9.766,634.766,-95.215,-64.941
1641437255.158,36.621,11.230,530.273,-55.176,-97.168
1641437255.160,70.801,13.672,671.875,68.359,-109.863
1641437255.164,59.570,19.043,849.609,74.707,-67.383
1641437255.168,23.926,22.461,626.953,-40.039,-109.863
1641437255.172,30.762,27.344,363.770,-75.195,-154.785
1641437255.176,66.406,24.414,548.340,-15.625,-150.391
1641437255.180,72.266,23.438,646.484,-11.230,-154.785
1641437255.184,38.574,23.438,448.730,-141.113,-167.480
1641437255.187,24.414,22.949,97.168,-238.770,-216.797
1641437255.191,59.082,22.949,190.918,-184.082,-215.820
1641437255.195,72.266,20.508,550.781,-106.445,-139.160
1641437255.199,34.180,20.996,440.430,-163.086,-130.371
1641437255.203,11.230,30.273,197.266,-231.445,-188.965
1641437255.205,41.504,31.738,218.262,-156.738,-188.477
1641437255.209,71.289,22.461,416.016,-42.480,-153.809
1641437255.213,52.734,24.902,401.367,-53.223,-142.090
1641437255.217,39.551,32.715,196.289,-141.602,-157.715
1641437255.221,39.551,29.297,87.891,-138.672,-119.629
1641437255.225,38.086,16.113,56.641,-53.223,-81.543
1641437255.229,34.668,10.254,-172.852,-37.598,-135.254
1641437255.232,9.277,10.742,-603.027,-168.457,-162.109
1641437255.236,16.602,18.066,-520.996,-207.520,-174.805
1641437255.240,53.223,11.719,-307.129,-118.652,-159.668
1641437255.244,63.477,7.812,-386.719,-96.680,-83.496
1641437255.248,32.227,12.207,-553.711,-226.074,-63.477
1641437255.251,7.324,13.672,-629.395,-355.469,-121.582
1641437255.255,37.109,15.137,-567.871,-325.195,-181.641
1641437255.259,71.777,11.230,-441.406,-270.508,-191.895
1641437255.263,46.387,10.254,-300.781,-335.938,-189.941
1641437255.267,20.996,11.230,-289.062,-427.246,-192.383
1641437255.271,42.969,11.230,-444.336,-375.977,-130.371
1641437255.275,76.660,15.625,-564.453,-238.770,-138.184
1641437255.278,68.848,17.090,-290.527,-224.121,-185.547
1641437255.282,28.809,16.113,-158.691,-288.086,-184.082
1641437255.286,38.086,14.160,-268.555,-235.352,-181.641
1641437255.290,74.219,12.207,-104.980,-74.707,-150.391
1641437255.294,68.359,11.719,186.035,11.230,-137.207
1641437255.296,23.926,5.859,146.973,-66.895,-137.207
1641437255.300,11.230,3.418,-90.332,-86.914,-145.996
1641437255.304,43.457,11.719,-13.184,44.922,-128.418
1641437255.308,57.617,21.973,178.711,133.789,-87.891
1641437255.312,23.926,29.785,207.520,80.566,-41.992
1641437255.316,3.906,24.902,-232.422,18.066,-15.137
1641437255.320,35.645,22.461,-500.488,78.613,-22.461
1641437255.323,66.406,24.902,-21.973,188.965,45.410
1641437255.327,40.527,23.438,56.641,161.133,47.363
1641437255.331,6.836,21.973,-273.926,73.730,20.508
1641437255.335,21.973,20.020,-339.355,115.723,42.969
1641437255.339,54.199,19.043,-161.621,238.281,72.266
1641437255.371,42.480,23.438,-86.426,254.883,111.816
1641437255.375,8.789,27.344,-277.832,154.297,79.102
1641437255.379,11.719,28.320,-390.625,158.203,26.367
1641437255.383,45.898,25.391,-176.270,273.926,66.895
1641437255.387,52.734,25.879,-27.832,304.199,125.488
1641437255.391,17.090,26.367,-547.363,182.129,93.262
1641437255.395,15.625,27.344,-729.004,112.305,96.680
1641437255.398,55.176,28.809,-247.070,179.199,164.551
1641437255.402,66.895,22.461,-260.742,229.004,123.535
1641437255.406,25.879,19.531,-392.578,145.996,64.453
1641437255.410,7.324,19.531,-387.695,68.359,63.477
1641437255.414,36.133,14.160,-382.324,141.602,61.523
1641437255.401,59.570,12.695,-277.344,246.094,65.918
1641437255.405,41.016,17.578,-283.203,218.262,60.059
1641437255.409,7.324,20.996,-387.207,127.441,49.805
1641437255.413,16.602,27.832,-267.090,161.133,69.336
1641437255.417,53.711,29.297,-201.172,283.691,111.816
1641437255.421,46.875,27.344,-262.207,306.152,119.629
1641437255.425,3.906,25.879,-280.273,208.984,86.426
1641437255.428,8.789,27.832,-253.418,198.242,53.223
1641437255.432,48.828,32.715,-112.793,308.105,64.453
1641437255.436,60.547,27.832,91.797,351.562,130.859
1641437255.440,24.902,28.320,114.258,246.094,140.625
1641437255.444,11.230,30.273,-32.227,178.711,94.238
1641437255.446,43.945,24.902,-222.656,256.348,92.285
1641437255.450,56.641,24.414,-82.031,330.566,125.488
1641437255.454,16.602,25.391,261.719,241.699,163.574
1641437255.458,-9.766,28.320,127.930,128.906,164.551
1641437255.462,19.043,23.438,-17.090,179.688,156.250
1641437255.466,51.270,18.066,79.590,291.992,180.176
1641437255.470,34.180,21.973,224.609,270.020,210.449
1641437255.473,0.000,20.996,141.113,160.156,163.574
1641437255.477,11.230,8.789,-300.781,167.480,137.695
1641437255.481,62.012,6.836,-150.391,285.156,165.039
1641437255.485,59.570,19.043,387.695,316.406,199.219
1641437255.489,-0.488,24.902,188.965,185.547,176.758
1641437255.491,-5.859,25.879,7.324,136.230,184.570
1641437255.495,46.387,25.391,220.215,244.141,238.281
1641437255.499,59.082,23.438,338.867,297.363,244.141
1641437255.503,11.719,19.043,108.887,197.754,225.098
1641437255.507,-7.812,22.461,-97.656,108.398,176.758
1641437255.511,33.691,22.461,-11.230,173.828,199.707
1641437255.515,62.012,17.578,134.277,242.676,214.844
1641437255.518,32.227,20.020,6.836,156.250,173.340
1641437255.522,6.836,20.508,-103.516,52.246,132.324
1641437255.526,28.809,26.367,54.199,74.707,123.535
1641437255.530,58.594,31.738,320.312,161.133,151.367
1641437255.534,45.410,27.344,94.238,122.559,131.836
1641437255.535,9.766,25.391,-249.512,-18.066,93.750
1641437255.539,19.531,28.809,52.246,-22.461,158.691
1641437255.543,59.570,27.832,195.801,82.031,175.781
1641437255.547,53.223,23.926,148.438,111.328,106.934
1641437255.551,16.602,18.066,112.305,8.789,93.750
1641437255.555,14.648,14.648,-64.453,-8.789,107.422
1641437255.559,46.875,20.996,-69.336,121.582,118.164
1641437255.562,60.547,30.273,-52.734,202.148,113.770
1641437255.566,24.902,27.344,66.406,133.789,137.207
1641437255.570,7.812,19.531,205.566,51.270,132.324
1641437255.574,38.086,20.020,-11.230,109.863,109.863
1641437255.578,62.500,23.438,98.145,202.637,157.227
1641437255.580,38.574,27.344,305.664,134.277,176.758
1641437255.584,10.254,23.926,94.238,23.438,117.188
1641437255.588,27.832,17.578,-28.809,41.504,86.914
1641437255.592,61.523,22.461,139.648,122.559,136.230
1641437255.596,49.805,28.320,305.176,98.633,180.664
1641437255.600,12.695,29.785,20.996,-43.945,104.980
1641437255.604,19.043,27.344,-447.754,-80.078,-8.301
1641437255.607,56.641,27.832,-399.414,3.906,-8.789
1641437255.611,56.641,31.250,67.871,35.156,62.500
1641437255.615,2.441,25.879,28.320,-75.195,47.852
1641437255.619,-11.719,20.020,-305.176,-130.371,12.695
1641437255.623,29.297,18.066,-195.312,-16.602,36.621
1641437255.626,40.527,12.207,8.301,68.848,27.832
1641437255.630,9.766,14.160,-117.188,10.742,-5.371
1641437255.634,-9.766,22.949,-234.863,-40.527,0.977
1641437255.638,12.207,27.344,-121.094,41.504,17.578
1641437255.642,41.504,27.832,147.461,155.273,41.992
1641437255.646,20.508,27.344,43.457,129.395,35.645
1641437255.650,-5.371,28.809,-439.941,41.992,-5.859
1641437255.653,18.555,26.367,-386.230,77.637,-24.414
1641437255.657,52.734,28.320,109.863,198.730,16.602
1641437255.661,46.387,29.297,176.270,210.449,32.227
1641437255.665,6.836,24.902,-33.691,82.031,-4.883
1641437255.669,9.766,21.973,-18.066,55.664,-30.762
1641437255.685,52.246,14.648,192.383,171.387,-50.781
1641437255.689,58.105,11.719,222.656,209.961,-53.223
1641437255.693,15.625,22.949,75.684,86.426,-78.613
1641437255.697,1.953,26.855,-125.977,9.766,-81.055
1641437255.701,40.039,28.809,-106.934,98.633,-12.207
1641437255.705,59.570,29.297,-151.367,170.898,-10.742
1641437255.709,27.832,26.855,-490.234,85.449,-35.645
1641437255.712,5.859,25.879,-365.723,-17.578,-33.203
1641437255.716,35.645,25.879,-155.273,33.691,-1.465
1641437255.720,68.848,27.832,-120.117,141.113,20.020
1641437255.724,52.246,25.879,-56.641,104.492,-0.977
1641437255.728,14.648,22.461,-105.469,-24.414,-31.250
1641437255.731,21.973,28.809,-253.906,-20.508,-35.645
1641437255.735,56.641,33.203,-145.020,97.168,25.879
1641437255.739,50.293,33.203,99.609,116.211,82.520
1641437255.743,12.207,35.645,2.930,9.766,75.684
1641437255.747,8.301,32.715,-178.711,-11.230,41.504
1641437255.751,47.363,32.227,-154.785,96.680,47.852
1641437255.755,63.477,34.180,-41.016,160.156,142.578
1641437255.758,21.973,29.297,-64.941,66.406,151.855
1641437255.762,5.371,20.020,-157.715,-9.277,95.703
1641437255.766,40.527,9.766,-419.434,78.613,68.359
1641437255.770,54.688,15.625,-138.672,163.086,108.398
1641437255.774,29.297,28.320,308.594,93.750,127.930
1641437255.775,1.953,30.762,41.504,4.883,86.426
1641437255.779,19.531,33.203,26.855,52.734,85.449
1641437255.783,58.105,33.691,328.125,150.879,116.699
1641437255.787,43.945,30.273,382.324,117.188,131.836
1641437255.791,2.441,23.438,144.043,-15.137,77.148
1641437255.795,13.184,21.973,-86.914,-26.367,14.160
1641437255.799,50.781,18.066,62.012,62.012,26.367
1641437255.802,53.223,12.207,399.414,77.148,82.520
1641437255.806,17.578,14.160,55.664,-54.199,34.180
1641437255.810,14.160,19.043,-321.289,-124.512,-28.320
1641437255.814,55.664,23.926,112.793,-39.551,-4.883
1641437255.818,67.383,28.809,336.426,1.465,4.395
1641437255.820,30.762,26.855,155.273,-97.656,0.488
1641437255.824,15.625,20.996,62.012,-191.895,-22.949
1641437255.828,48.828,21.973,174.316,-130.859,-13.672
1641437255.832,78.125,22.461,336.426,-41.504,-3.906
1641437255.836,55.664,13.672,336.426,-125.000,-7.812
1641437255.840,24.414,9.766,118.164,-272.461,-71.777
1641437255.844,41.016,16.602,142.578,-308.105,-103.027
1641437255.847,73.730,24.902,401.367,-274.414,-85.938
1641437255.851,65.918,27.344,293.457,-333.984,-111.816
1641437255.855,20.020,24.414,200.195,-521.484,-205.078
1641437255.859,12.207,20.508,302.246,-582.520,-265.625
1641437255.863,42.480,18.555,354.492,-485.840,-217.285
1641437255.865,48.828,21.973,395.508,-441.406,-202.148
1641437255.869,11.230,22.461,349.121,-521.484,-221.680
1641437255.873,-2.441,18.066,277.832,-558.594,-212.891
1641437255.877,32.227,25.391,210.449,-442.383,-242.188
1641437255.881,46.387,30.273,365.723,-331.055,-204.102
1641437255.885,17.578,27.344,459.961,-351.562,-143.066
1641437255.889,-6.836,22.949,213.867,-381.836,-169.434
1641437255.892,8.301,23.438,137.207,-289.551,-182.129
1641437255.896,38.086,27.344,373.535,-127.930,-114.746
1641437255.900,17.090,26.855,540.039,-104.004,-53.711
1641437255.904,-24.902,23.438,374.023,-169.922,-34.668
1641437255.908,-18.066,21.484,151.367,-114.746,-21.973
1641437255.911,12.207,20.996,235.840,28.809,30.762
1641437255.915,5.859,19.043,391.113,87.891,77.637
1641437255.919,-20.020,21.484,183.594,9.766,41.992
1641437255.923,6.836,27.344,-408.203,20.996,-3.906
1641437255.927,49.805,27.344,-412.109,160.156,95.703
1641437255.931,28.809,19.531,-116.211,207.031,189.941
1641437255.935,-14.648,20.020,-434.570,107.422,145.508
1641437255.938,-12.695,25.391,-876.953,58.594,120.117
1641437255.942,12.695,24.902,-711.914,162.109,159.668
1641437255.946,25.879,26.367,-234.375,262.695,191.406
1641437255.950,2.930,27.832,-365.234,208.984,209.961
1641437255.954,-24.902,27.832,-703.613,123.047,193.359
1641437255.955,-6.836,22.949,-706.543,190.918,170.410
1641437255.959,25.391,17.578,-503.418,326.660,210.938
1641437255.963,17.578,24.414,-528.809,342.285,231.934
1641437255.967,-11.719,22.949,-734.375,261.719,208.496
1641437255.971,1.465,20.508,-699.707,296.387,225.586
1641437255.975,35.645,22.949,-605.957,426.758,237.305
1641437255.979,29.297,22.949,-686.035,458.984,228.516
1641437255.982,-16.602,17.578,-958.984,341.309,157.715
1641437255.986,-16.113,19.531,-822.754,299.805,147.949
1641437255.990,19.531,22.949,-433.594,403.809,226.074
1641437255.994,26.367,13.184,-349.121,463.867,246.094
1641437255.998,-8.789,13.672,-381.836,371.582,275.879
1641437256.003,-22.461,20.020,-444.336,281.250,261.230
1641437256.007,16.113,23.438,-457.520,335.938,184.570
1641437256.011,37.109,22.949,-342.773,409.668,218.262
1641437256.015,11.230,24.902,-290.039,339.355,263.672
1641437256.019,-9.277,26.855,-385.742,230.469,216.309
1641437256.023,11.719,25.879,-563.965,247.070,197.754
1641437256.027,40.039,19.531,-544.434,338.379,203.613
1641437256.030,30.273,14.160,-260.742,310.059,218.750
1641437256.034,-5.371,19.043,-339.844,171.387,194.336
1641437256.038,0.488,26.367,-536.133,145.996,151.855
1641437256.042,38.574,23.438,-413.574,227.539,177.734
1641437256.046,44.922,19.043,-129.883,253.906,243.652
1641437256.061,11.230,22.461,-120.117,137.695,247.070
1641437256.065,2.441,16.602,-437.012,67.871,193.359
1641437256.069,42.480,16.113,-532.715,159.668,172.363
1641437256.073,60.547,21.484,-99.121,224.121,237.793
1641437256.077,26.367,20.508,-21.973,129.395,251.465
1641437256.081,11.230,15.625,-511.230,31.250,179.199
1641437256.085,38.086,15.137,-929.199,85.938,147.461
1641437256.088,61.035,23.438,-521.484,183.105,191.895
1641437256.092,41.992,26.367,-108.887,134.766,242.676
1641437256.096,15.625,28.809,-389.160,25.879,213.379
1641437256.100,32.227,28.809,-473.633,39.551,141.113
1641437256.104,63.965,27.344,-335.938,138.184,132.812
1641437256.106,59.570,26.855,-231.445,147.461,134.766
1641437256.110,27.832,26.855,-529.297,26.367,72.266
1641437256.114,30.762,28.809,-589.355,5.371,66.406
1641437256.118,72.754,24.902,-189.453,112.305,114.258
1641437256.122,83.008,20.020,-127.930,147.949,135.742
1641437256.126,34.180,20.996,-376.465,41.992,108.398
1641437256.130,17.090,23.926,-567.383,-13.672,48.828
1641437256.133,51.270,21.973,-342.285,69.336,82.031
1641437256.137,68.359,26.855,-82.520,123.535,103.516
1641437256.141,28.809,31.250,-471.680,25.879,13.672
1641437256.145,-0.488,26.855,-570.801,-84.473,-31.250
1641437256.149,24.902,21.973,-239.258,-45.410,-28.320
1641437256.165,54.199,22.461,-153.320,56.152,-12.207
1641437256.169,39.551,20.020,-226.562,23.438,-9.766
1641437256.173,1.953,18.066,-354.004,-84.473,-16.602
1641437256.177,14.160,20.996,-281.738,-59.082,18.555
1641437256.181,53.223,25.391,-198.242,62.012,21.484
1641437256.185,43.945,25.391,-208.496,87.402,-4.883
1641437256.189,4.395,21.973,-312.988,-28.320,-14.160
1641437256.192,6.348,20.020,-325.684,-60.059,-46.875
1641437256.196,45.410,18.066,-310.059,59.570,-43.945
1641437256.200,59.082,18.066,-406.738,123.535,3.906
1641437256.204,22.461,19.043,-151.855,21.484,0.000
1641437256.208,5.371,20.020,-66.895,-59.570,-12.695
1641437256.195,29.297,17.578,-75.195,20.508,36.621
1641437256.199,40.527,16.113,191.895,107.910,101.562
1641437256.203,9.277,17.090,293.945,40.039,127.441
1641437256.207,-18.555,16.602,90.332,-59.570,85.938
1641437256.211,6.348,20.020,-138.184,-21.973,49.316
1641437256.215,39.551,20.996,-68.848,85.938,68.359
1641437256.219,26.855,18.555,111.328,74.707,97.168
1641437256.222,0.977,19.043,-65.430,-33.203,54.688
1641437256.226,14.160,18.066,-229.980,-28.809,19.531
1641437256.230,48.340,13.672,40.039,85.449,59.570
1641437256.234,48.340,6.836,242.188,127.930,75.684
1641437256.238,15.625,9.766,20.508,26.855,40.527
1641437256.240,9.766,13.184,-504.395,-4.395,-23.438
1641437256.244,43.457,18.555,-309.082,100.098,-7.812
1641437256.248,57.617,23.438,200.195,152.344,88.379
1641437256.252,16.602,18.066,18.066,53.711,53.223
1641437256.256,-1.465,11.719,-222.656,-30.273,-32.715
1641437256.260,37.598,14.160,-181.152,47.363,-28.320
1641437256.264,65.430,22.461,-13.184,154.297,-13.672
1641437256.267,42.480,20.508,-101.562,113.281,4.395
1641437256.271,12.695,12.207,-561.523,10.742,-10.742
1641437256.275,29.297,15.625,-375.000,47.363,-42.480
1641437256.279,66.895,25.879,140.137,157.227,-8.301
1641437256.283,51.758,23.926,138.672,139.160,49.805
1641437256.285,0.488,18.555,45.410,4.883,29.785
1641437256.289,8.789,20.996,66.895,-21.484,0.000
1641437256.293,51.270,19.531,64.453,61.035,8.789
1641437256.297,47.852,19.043,103.516,70.312,34.180
1641437256.301,3.418,21.484,60.547,-43.945,19.043
1641437256.305,-5.371,16.602,-110.840,-96.680,-25.391
1641437256.309,26.855,14.648,-155.762,-10.742,-43.457
1641437256.312,43.457,14.648,-271.484,44.922,-50.293
1641437256.316,5.859,13.672,-304.199,-38.086,-14.160
1641437256.320,-14.648,18.555,-240.723,-122.070,18.066
1641437256.324,20.020,21.973,-223.145,-66.895,15.137
1641437256.328,40.527,18.555,-345.703,28.320,-8.301
1641437256.331,12.207,19.043,-434.082,-7.812,-16.602
1641437256.335,-6.836,20.020,-177.246,-93.262,-19.531
1641437256.339,18.066,18.066,-163.086,-63.965,4.395
1641437256.343,50.781,13.672,-115.723,38.086,43.457
1641437256.347,44.922,15.137,112.793,63.477,55.664
1641437256.351,11.719,17.090,-18.555,-31.250,48.340
1641437256.355,13.672,18.066,-380.371,-39.062,-0.488
1641437256.358,49.316,21.484,-360.352,76.172,53.711
1641437256.362,52.734,16.602,124.512,120.117,154.785
1641437256.366,9.766,13.184,112.305,23.926,143.555
1641437256.370,0.488,15.625,-158.203,-34.668,140.137
1641437256.374,39.551,20.996,-145.996,59.570,117.676
1641437256.377,67.871,22.949,109.863,151.367,149.414
1641437256.381,30.273,9.766,16.602,77.148,142.578
1641437256.385,-13.672,5.371,-251.953,-25.879,100.586
1641437256.389,17.578,18.066,-149.414,26.367,116.211
1641437256.393,57.617,27.832,13.672,130.371,145.020
1641437256.397,39.062,22.461,-92.285,99.121,166.504
1641437256.401,1.465,10.254,-573.730,-25.879,104.980
1641437256.404,12.207,11.719,-625.977,-37.598,62.012
1641437256.408,48.340,17.090,-77.637,61.035,117.188
1641437256.412,41.992,17.578,-9.277,74.219,100.586
1641437256.416,5.371,17.578,-268.555,-46.875,47.363
1641437256.420,10.254,19.531,-312.012,-78.125,-3.418
1641437256.436,46.875,17.578,-88.379,24.902,51.270
1641437256.440,59.082,15.625,-55.176,82.520,78.125
1641437256.444,22.949,20.020,-169.922,-1.465,19.043
1641437256.448,7.324,19.531,-214.355,-71.777,19.531
1641437256.452,47.363,17.090,-249.023,13.184,32.227
1641437256.456,73.242,20.996,-255.371,118.164,52.734
1641437256.460,41.992,17.090,-454.590,60.059,68.359
1641437256.463,14.648,9.766,-347.656,-40.527,43.457
1641437256.467,35.156,8.789,-129.395,3.418,40.039
1641437256.471,60.059,9.766,-20.996,106.445,76.660
1641437256.475,41.016,16.113,143.555,100.586,91.797
1641437256.479,6.836,19.531,67.871,4.395,71.289
1641437256.481,16.113,17.090,-65.430,13.672,26.367
1641437256.485,53.711,16.602,44.922,125.977,10.742
1641437256.489,49.805,16.113,233.887,154.297,20.020
1641437256.493,6.348,15.625,205.078,42.969,-20.508
1641437256.497,-3.906,14.648,63.477,0.977,-67.871
1641437256.501,26.855,8.301,98.145,94.238,-2.441
1641437256.505,36.621,8.301,204.590,128.906,-4.395
1641437256.508,1.953,17.578,147.461,19.043,-64.941
1641437256.512,-11.230,21.973,75.195,-65.918,-62.012
1641437256.516,18.066,18.555,-150.391,-3.906,-71.777
1641437256.520,44.922,18.066,47.363,94.238,-33.203
1641437256.524,25.391,20.020,522.461,59.570,47.852
1641437256.525,-1.465,21.484,357.910,-47.852,-34.180
1641437256.529,18.066,21.484,247.070,-50.293,-76.660
1641437256.533,47.852,16.113,519.531,8.789,-20.508
1641437256.537,39.062,20.020,591.309,-42.480,-20.020
1641437256.541,5.371,20.996,285.156,-202.637,-91.797
1641437256.545,16.113,16.113,77.637,-258.789,-107.910
1641437256.549,56.152,20.996,137.207,-189.941,-79.590
1641437256.552,56.641,20.996,344.238,-183.594,-69.336
1641437256.556,17.090,17.090,74.219,-324.219,-121.094
1641437256.560,9.277,18.555,-318.848,-405.762,-240.234
1641437256.564,44.434,20.020,68.848,-322.754,-239.746
1641437256.568,67.383,15.137,368.652,-262.695,-190.430
1641437256.570,36.621,13.184,207.520,-348.633,-185.547
1641437256.574,16.113,17.090,108.398,-447.754,-223.633
1641437256.578,43.945,17.090,301.758,-388.672,-221.191
1641437256.582,74.707,20.508,479.004,-266.602,-177.734
1641437256.586,58.594,21.484,427.734,-291.992,-193.359
1641437256.590,23.926,13.672,169.922,-364.746,-265.137
1641437256.594,34.180,9.766,138.672,-294.922,-238.281
1641437256.597,64.941,16.113,442.871,-144.531,-138.672
1641437256.601,61.523,14.160,382.324,-84.473,-122.559
1641437256.605,22.461,10.742,309.082,-157.715,-165.039
1641437256.609,19.043,14.160,512.207,-135.742,-172.363
1641437256.613,68.848,15.137,636.230,30.762,-119.629
1641437256.616,79.590,21.973,657.715,121.094,-140.137
1641437256.620,14.160,31.738,637.695,23.926,-137.207
1641437256.624,-18.555,29.297,527.344,-57.617,-149.902
1641437256.628,29.297,21.973,323.730,28.320,-147.949
1641437256.632,62.500,26.367,329.590,98.633,-98.145
1641437256.636,28.320,26.855,287.109,5.859,-78.613
1641437256.640,7.812,14.160,-33.203,-99.121,-107.910
1641437256.643,25.391,10.254,-269.043,-77.148,-140.137
1641437256.647,44.434,20.508,-216.797,5.859,-91.797
1641437256.651,29.785,20.996,126.953,-21.973,-18.555
1641437256.655,0.000,21.484,51.758,-127.930,-23.926
1641437256.659,8.789,24.414,-179.688,-110.352,-74.219
1641437256.661,43.457,22.461,-48.828,2.441,-46.875
1641437256.665,41.016,24.414,180.176,32.227,8.789
1641437256.669,-1.953,19.043,14.648,-69.824,-15.625
1641437256.673,-3.906,9.277,-233.887,-93.750,-53.223
1641437256.677,31.738,11.719,-35.156,31.250,-47.363
1641437256.681,40.039,11.719,143.555,103.027,5.859
1641437256.685,9.766,7.324,-26.855,30.762,-3.418
1641437256.688,-9.277,9.277,-441.895,-22.461,-93.750
1641437256.692,21.484,18.066,-344.727,69.336,-77.148
1641437256.696,49.805,20.020,256.836,163.574,3.906
1641437256.700,20.020,11.230,190.430,81.543,17.090
1641437256.704,-3.418,12.207,-45.410,-15.625,32.715
1641437256.705,20.508,13.184,58.105,36.133,86.914
1641437256.709,45.898,7.812,138.184,135.254,80.078
1641437256.713,30.273,15.137,35.156,108.887,78.125
1641437256.717,0.000,18.066,-119.141,0.488,90.820
1641437256.721,6.836,17.578,-124.512,11.719,58.105
1641437256.725,42.969,22.949,-22.461,139.648,88.867
1641437256.729,46.387,21.973,-105.957,196.777,136.719
1641437256.732,6.348,18.066,-430.664,104.004,88.867
1641437256.736,1.953,18.066,-282.715,74.707,34.180
1641437256.740,39.062,20.020,43.457,190.918,40.527
1641437256.744,57.129,20.996,142.578,272.949,85.938
1641437256.748,27.344,21.484,118.652,205.566,102.051
1641437256.751,15.625,23.926,57.129,140.625,104.980
1641437256.755,46.387,19.531,64.453,208.984,132.812
1641437256.759,64.453,12.695,168.457,304.199,131.836
1641437256.763,41.504,19.043,208.984,264.160,115.234
1641437256.767,9.766,22.949,29.297,164.551,88.867
1641437256.771,27.832,24.902,-136.230,209.473,107.422
1641437256.775,61.523,26.855,-264.160,329.102,100.586
1641437256.778,46.875,20.996,-28.809,345.215,138.672
1641437256.782,5.859,17.578,114.258,250.977,164.062
1641437256.786,13.672,20.508,-121.582,265.137,113.770
1641437256.790,56.152,19.531,24.414,403.320,123.047
1641437256.794,51.270,13.672,356.445,445.801,149.902
1641437256.811,6.348,9.277,332.031,343.262,145.508
1641437256.815,-0.488,14.160,107.910,284.180,139.160
1641437256.819,24.902,18.066,136.719,352.051,148.926
1641437256.823,37.109,19.531,400.391,400.391,186.523
1641437256.827,3.906,19.531,419.922,302.734,208.008
1641437256.831,-22.949,14.160,-52.734,193.359,168.457
1641437256.835,0.977,14.160,-238.770,225.098,174.316
1641437256.838,29.297,14.160,159.668,300.781,214.844
1641437256.842,13.184,14.160,275.879,240.723,233.398
1641437256.846,-12.695,8.789,-66.406,102.539,153.320
1641437256.850,0.000,5.371,-186.523,86.426,103.516
1641437256.854,28.809,9.766,-52.246,171.875,150.391
1641437256.855,23.438,10.742,-15.625,177.734,145.996
1641437256.859,-7.812,11.230,-204.590,59.082,92.773
1641437256.863,-1.953,15.137,-227.539,33.203,82.520
1641437256.867,39.551,21.484,117.188,128.418,146.484
1641437256.871,52.734,17.578,204.102,169.434,156.738
1641437256.875,16.113,13.184,51.270,81.055,107.422
1641437256.879,5.859,11.230,-121.094,7.812,83.008
1641437256.882,43.457,17.090,61.523,79.590,91.309
1641437256.886,57.129,18.555,284.180,152.344,134.277
1641437256.890,32.227,-0.488,-84.961,78.125,94.727
1641437256.894,28.320,5.371,-141.602,2.930,73.730
1641437256.898,33.691,24.902,140.137,35.156,116.211
1641437256.916,34.668,20.508,225.098,103.027,104.004
1641437256.920,22.461,18.555,290.527,59.570,114.258
1641437256.924,-1.465,23.926,226.074,-73.730,90.332
1641437256.928,3.906,26.855,346.680,-62.988,90.332
1641437256.932,27.832,22.461,402.832,27.344,123.535
1641437256.936,24.414,22.949,339.355,13.184,100.586
1641437256.940,-17.090,25.879,347.656,-121.582,79.102
1641437256.943,-30.762,23.438,373.535,-181.641,62.500
1641437256.947,2.930,22.949,347.656,-90.332,38.086
1641437256.951,20.020,18.066,424.316,-27.344,56.152
1641437256.955,-15.137,17.578,666.016,-121.094,73.242
1641437256.959,-27.832,20.020,465.820,-202.637,41.992
1641437256.945,12.207,17.090,414.062,-120.117,47.363
1641437256.949,42.969,22.461,681.641,-5.371,81.055
1641437256.953,20.020,26.855,735.840,-41.992,84.473
1641437256.957,-8.789,20.020,436.523,-137.695,4.883
1641437256.961,7.324,15.137,316.895,-104.492,-21.973
1641437256.965,38.574,16.602,428.711,5.371,22.949
1641437256.969,24.414,19.043,458.984,-3.906,10.742
1641437256.972,-12.695,16.113,310.547,-126.465,13.184
1641437256.976,-0.488,11.719,196.289,-129.883,-6.348
1641437256.980,33.203,12.695,433.594,-23.926,27.832
1641437256.984,28.320,11.719,622.070,1.953,60.059
1641437256.988,-9.766,12.207,362.793,-100.098,-15.137
1641437256.990,-17.578,13.672,-157.715,-137.695,-62.988
1641437256.994,21.484,15.137,44.434,-33.203,-31.738
1641437256.998,38.086,17.090,471.680,48.828,-21.973
1641437257.002,2.441,19.531,350.586,-28.809,-34.180
1641437257.006,-13.672,17.090,253.906,-111.816,26.855
1641437257.010,13.672,8.301,235.352,-51.270,53.223
1641437257.014,31.250,4.883,315.918,36.133,29.297
1641437257.017,6.348,9.277,224.609,-3.418,1.953
1641437257.021,-21.973,12.695,51.758,-98.633,-22.949
1641437257.025,4.883,16.602,202.148,-65.918,-12.207
1641437257.029,44.922,20.020,404.297,53.223,-9.277
1641437257.033,32.227,21.973,171.875,66.895,-26.367
1641437257.035,0.000,17.578,-156.738,-46.875,-48.828
1641437257.039,6.836,14.160,110.840,-53.711,-22.461
1641437257.043,45.898,14.160,268.555,59.570,-2.930
1641437257.047,46.875,9.766,256.348,103.027,-19.043
1641437257.051,3.906,9.277,244.141,9.277,-20.996
1641437257.055,5.371,17.090,11.719,-42.969,14.160
1641437257.059,45.898,20.020,-138.672,44.434,34.668
1641437257.062,64.453,22.949,-166.504,123.047,6.836
1641437257.066,34.668,23.926,-58.594,54.688,16.602
1641437257.070,10.742,18.066,42.969,-35.156,57.129
1641437257.074,34.180,16.602,-107.422,24.414,41.504
1641437257.078,60.547,18.555,9.277,133.301,77.148
1641437257.081,42.969,20.996,182.617,102.051,105.957
1641437257.085,4.395,19.043,13.672,-8.789,83.496
1641437257.089,18.555,17.578,-176.758,1.953,46.387
1641437257.093,47.363,21.973,-70.801,97.168,81.543
1641437257.097,32.227,24.414,120.117,102.539,150.391
1641437257.101,-4.883,20.996,-169.434,-7.812,56.152
1641437257.105,-2.441,22.461,-562.012,-26.855,-26.855
1641437257.108,40.527,25.391,-438.477,80.078,18.066
1641437257.112,48.828,23.926,50.293,127.441,68.359
1641437257.116,14.648,24.902,47.363,39.062,41.016
1641437257.120,0.488,21.973,-213.867,-21.484,25.879
1641437257.124,32.227,16.602,-104.004,62.012,53.711
1641437257.127,57.617,11.719,186.035,149.414,69.824
1641437257.131,29.785,13.672,17.578,91.309,17.090
1641437257.135,18.066,18.555,-268.555,24.414,-4.883
1641437257.139,49.805,20.020,-134.277,77.637,41.992
1641437257.143,58.594,18.066,82.031,157.715,9.277
1641437257.147,33.691,20.508,56.641,115.723,-19.531
1641437257.151,-3.906,14.160,-393.555,-7.812,-36.621
1641437257.154,1.465,13.184,-417.480,1.465,-52.734
1641437257.158,41.992,18.555,165.527,120.117,-3.418
1641437257.162,40.039,17.578,243.164,146.484,50.293
1641437257.166,-0.488,5.859,69.824,38.574,54.199
1641437257.170,-7.324,-0.488,11.230,-1.465,0.977
1641437257.196,32.227,17.578,118.164,106.445,3.418
1641437257.200,42.480,25.391,258.789,173.828,60.547
1641437257.204,1.953,18.066,169.922,80.078,17.578
1641437257.208,-13.184,14.648,55.664,-8.301,13.184
1641437257.212,18.066,14.648,38.574,55.664,49.316
1641437257.216,40.527,13.672,20.996,145.996,54.199
1641437257.220,11.719,11.719,-293.457,74.219,49.805
1641437257.223,-13.672,10.742,-214.844,-26.855,68.359
1641437257.227,16.113,7.812,109.863,12.695,82.031
1641437257.231,43.945,6.348,174.805,108.887,85.449
1641437257.235,30.762,13.184,225.586,99.121,83.984
1641437257.239,6.348,16.602,97.656,-20.020,54.199
1641437257.231,17.090,16.602,-5.859,-34.180,60.059
1641437257.235,60.547,20.996,102.539,68.359,111.816
1641437257.239,72.754,23.438,244.629,99.609,139.648
1641437257.243,34.668,18.066,97.656,-13.672,39.062
1641437257.247,23.926,15.137,-115.723,-67.383,-11.719
1641437257.251,57.617,16.602,-118.652,22.949,7.324
1641437257.255,75.684,19.531,-61.523,83.984,13.184
1641437257.258,42.480,15.625,-104.492,7.812,22.949
1641437257.262,17.578,9.766,-162.109,-66.895,-4.883
1641437257.266,46.875,13.672,-439.453,1.953,-13.672
1641437257.270,84.473,21.973,-202.637,106.934,64.941
1641437257.274,66.895,20.996,218.262,79.590,56.641
1641437257.275,28.320,17.090,-55.176,-19.043,-0.488
1641437257.279,39.062,21.484,-144.531,0.488,13.672
1641437257.283,69.824,24.902,102.051,108.398,-6.348
1641437257.287,53.711,16.602,214.355,105.469,1.953
1641437257.291,14.160,14.160,-15.137,-16.602,24.414
1641437257.295,8.789,11.719,-245.605,-38.574,-18.555
1641437257.299,40.039,4.395,-118.652,67.871,30.762
1641437257.302,43.945,6.836,114.746,115.234,103.027
1641437257.306,-0.977,8.789,-129.883,11.230,19.043
1641437257.310,-14.648,8.789,-498.047,-52.246,-41.016
1641437257.314,18.066,10.742,-140.625,44.922,17.090
1641437257.318,38.574,10.254,262.695,124.512,56.152
1641437257.320,0.000,4.883,107.422,35.156,26.855
1641437257.324,-26.855,5.859,-46.875,-59.082,19.043
1641437257.328,3.418,1.953,59.570,-5.371,40.039
1641437257.332,36.621,2.930,159.180,90.332,39.551
1641437257.336,33.203,16.602,176.758,63.965,50.293
1641437257.340,-2.930,17.578,-26.855,-46.387,52.734
1641437257.344,-1.465,15.137,-116.699,-40.039,57.617
1641437257.347,41.016,16.602,86.914,65.918,85.938
1641437257.351,36.621,16.113,177.246,85.938,79.102
1641437257.355,-0.977,12.695,129.395,-25.879,40.527
1641437257.359,8.789,16.602,85.938,-55.176,35.156
1641437257.363,45.410,16.602,39.551,54.199,50.781
1641437257.395,54.688,6.348,-98.145,110.352,73.242
1641437257.399,27.344,11.719,20.996,23.926,77.148
1641437257.403,21.484,22.949,96.191,-44.434,31.250
1641437257.407,48.828,19.531,-46.875,26.855,-33.691
1641437257.411,74.219,19.531,119.141,104.980,-20.020
1641437257.415,44.922,21.484,135.742,34.180,29.785
1641437257.419,10.742,18.555,-78.613,-84.473,1.465
1641437257.422,31.738,17.090,-240.723,-47.363,-62.500
1641437257.426,58.105,20.508,-234.375,76.172,-32.227
1641437257.430,34.180,15.137,156.250,47.852,25.391
1641437257.434,-6.836,3.418,70.801,-75.195,-17.578
1641437257.438,-6.348,6.836,-78.125,-59.082,12.695
1641437257.411,23.926,13.184,95.215,51.758,50.293
1641437257.415,20.508,12.207,186.035,75.684,40.039
1641437257.419,-22.461,9.766,45.410,-35.645,34.668
1641437257.423,-24.414,7.812,-146.484,-71.777,24.414
1641437257.427,20.996,8.301,-4.883,50.781,56.641
1641437257.431,36.621,10.254,37.598,108.887,50.781
1641437257.435,-0.977,15.625,-220.215,2.441,-15.625
1641437257.438,-11.719,12.695,-351.074,-68.359,-37.109
1641437257.442,29.785,4.883,-136.719,12.207,24.414
1641437257.446,59.570,16.602,224.121,112.305,72.266
1641437257.450,31.738,23.926,132.324,62.500,72.266
1641437257.454,3.906,20.508,-176.270,-43.457,55.176
1641437257.455,25.391,21.484,-100.098,-23.438,44.434
1641437257.459,52.734,20.996,116.699,75.684,58.594
1641437257.463,42.480,21.973,-3.906,76.660,15.137
1641437257.467,12.695,22.949,-417.480,-26.367,-29.785
1641437257.471,20.996,21.973,-259.766,-39.062,53.711
1641437257.475,58.105,14.648,-70.312,43.457,73.730
1641437257.479,55.664,9.277,-215.332,76.660,43.945
1641437257.482,15.137,10.254,-453.613,-27.344,46.387
1641437257.486,10.742,16.602,-342.285,-83.496,-5.371
1641437257.490,43.457,23.438,-51.270,15.137,17.090
1641437257.494,53.711,20.996,94.727,85.449,74.219
1641437257.498,15.625,13.184,71.289,7.324,63.965
1641437257.500,1.465,11.719,20.996,-60.059,53.711
1641437257.504,24.902,12.695,74.707,10.742,43.945
1641437257.508,48.828,14.160,157.715,104.004,50.293
1641437257.512,26.367,17.090,266.602,67.383,122.070
1641437257.516,-8.789,17.090,171.875,-32.227,106.934
1641437257.520,16.602,17.578,-20.020,-3.906,52.246
1641437257.524,50.293,19.043,-144.043,99.609,61.523
1641437257.527,40.039,17.090,59.570,100.098,68.848
1641437257.531,7.812,13.672,197.754,-17.090,89.355
1641437257.535,15.137,12.695,-86.426,-38.574,79.102
1641437257.539,52.734,15.137,-32.227,75.195,72.266
1641437257.543,56.641,6.836,325.684,110.352,115.723
1641437257.561,20.020,7.324,290.527,-7.812,123.535
1641437257.565,9.766,19.043,-13.672,-81.543,78.613
1641437257.569,40.039,17.090,-7.812,4.395,57.617
1641437257.573,52.734,14.160,227.539,87.402,127.930
1641437257.577,20.996,10.742,174.316,4.395,153.809
1641437257.581,1.465,10.254,-308.594,-96.191,126.465
1641437257.585,30.273,13.184,-458.984,-41.992,125.488
1641437257.588,62.012,16.602,-38.574,58.105,145.508
1641437257.592,45.898,17.578,62.500,31.250,160.156
1641437257.596,10.742,8.301,-222.656,-60.547,133.789
1641437257.600,27.832,6.348,-282.227,-30.762,117.676
1641437257.604,66.406,13.672,-85.449,90.820,151.855
1641437257.606,61.035,17.090,-19.043,119.629,106.445
1641437257.610,25.879,15.137,-181.152,14.648,33.203
1641437257.614,21.484,14.648,-216.797,-22.949,42.969
1641437257.618,56.152,19.531,66.895,78.613,58.594
1641437257.622,61.035,21.484,195.801,123.535,102.051
1641437257.626,20.996,18.555,-45.898,39.062,84.473
1641437257.630,8.301,16.113,-246.094,-9.277,34.180
1641437257.633,40.039,20.020,-104.980,55.664,28.320
1641437257.637,57.617,16.602,98.145,127.441,48.828
1641437257.641,24.414,7.324,-176.270,51.758,66.406
1641437257.645,-4.883,14.160,-287.598,-42.480,72.754
1641437257.649,19.531,14.160,-108.887,6.836,31.250
1641437257.657,46.387,10.742,-120.605,92.773,-20.996
1641437257.661,31.738,13.672,-54.199,68.359,37.109
1641437257.665,0.488,20.508,-168.457,-38.574,33.203
1641437257.669,1.953,19.531,-285.156,-28.320,6.836
1641437257.673,35.156,11.719,-323.242,88.867,16.113
1641437257.677,32.715,11.230,-442.383,110.352,34.180
1641437257.681,-4.395,13.672,-530.273,-0.488,48.828
1641437257.684,-5.859,15.625,-589.844,-27.344,50.781
1641437257.688,15.625,12.695,-675.781,76.660,72.266
1641437257.692,34.180,19.043,-651.367,160.645,92.773
1641437257.696,1.953,17.578,-715.332,90.820,59.570
1641437257.700,-27.344,18.066,-970.703,-3.418,-14.648
1641437257.711,14.648,25.879,-970.215,74.219,-23.438
1641437257.715,39.551,22.949,-962.891,162.598,40.039
1641437257.719,17.090,32.715,-970.703,110.840,57.617
1641437257.723,-12.207,36.621,-969.238,27.344,8.301
1641437257.727,-0.488,31.738,-969.238,53.223,3.418
1641437257.731,31.250,41.992,-969.238,140.137,35.156
1641437257.735,3.418,43.945,-969.238,97.168,47.363
1641437257.738,-49.805,37.598,-969.238,-34.668,24.414
1641437257.742,-40.039,44.434,-969.238,-34.668,-34.180
1641437257.746,-7.812,41.992,-969.727,68.848,-22.949
1641437257.750,-13.184,48.340,-969.238,100.098,40.039
1641437257.754,-53.711,55.664,-969.238,-0.488,-2.441
1641437257.740,-67.383,49.805,-969.238,-41.504,-25.879
1641437257.744,-44.434,52.246,-969.238,54.199,7.812
1641437257.748,-38.086,62.500,-969.238,101.562,26.367
1641437257.752,-78.613,63.965,-969.238,2.930,55.176
1641437257.756,-106.934,62.012,-969.727,-96.191,30.762
1641437257.760,-81.055,61.523,-969.238,-52.734,3.418
1641437257.764,-53.711,60.547,-969.238,36.133,62.500
1641437257.767,-72.266,57.617,-969.727,-25.879,65.430
1641437257.771,-97.656,52.734,-969.727,-165.527,23.926
1641437257.775,-75.195,44.922,-969.238,-148.926,28.320
1641437257.779,-31.738,40.039,-969.727,-44.922,43.457
1641437257.783,-35.156,43.945,-968.750,-56.152,32.227
1641437257.785,-70.312,51.270,-966.309,-183.594,-2.930
1641437257.789,-58.594,45.410,-982.422,-218.750,-19.043
1641437257.793,-7.812,39.062,-894.043,-97.168,3.906
1641437257.797,6.836,30.762,-902.344,-35.645,18.555
1641437257.801,-29.297,23.438,-944.336,-143.555,2.441
1641437257.805,-36.133,22.461,-894.043,-203.125,32.227
1641437257.809,-0.488,14.160,-822.266,-105.957,35.645
1641437257.812,23.438,6.348,-744.141,-10.742,31.738
1641437257.816,-2.930,2.930,-506.348,-59.570,73.242
1641437257.820,-19.043,8.789,-281.250,-118.164,58.105
1641437257.824,19.043,13.184,-315.918,-41.504,25.879
1641437257.828,55.664,12.207,-106.445,62.988,69.336
1641437257.830,42.480,8.789,206.055,59.570,71.289
1641437257.834,8.301,5.859,180.176,-44.434,24.902
1641437257.838,14.648,5.859,20.996,-50.293,23.926
1641437257.842,49.316,-1.465,187.500,56.152,51.270
1641437257.846,41.016,-8.789,510.254,69.824,83.496
1641437257.850,6.348,-14.648,374.023,-41.504,63.477
1641437257.854,12.695,-22.949,18.066,-89.355,6.836
1641437257.857,45.898,-15.625,73.730,-3.906,13.184
1641437257.861,51.758,-6.836,493.164,41.992,75.195
1641437257.865,19.043,-9.766,547.363,-46.387,70.312
1641437257.869,7.812,-11.719,288.086,-111.816,8.789
1641437257.873,33.691,-12.695,241.211,-38.086,6.348
1641437257.877,57.129,-11.719,633.301,67.383,81.055
1641437257.881,33.691,-14.160,570.801,-4.395,70.801
1641437257.885,6.836,-19.531,185.059,-120.605,6.836
1641437257.889,40.039,-10.254,338.867,-68.359,43.457
1641437257.893,90.820,-4.395,567.871,42.969,73.730
1641437257.897,77.148,-18.066,514.160,38.086,43.945
1641437257.901,42.480,-24.414,184.082,-48.340,-1.465
1641437257.904,60.547,-13.184,239.258,-20.996,6.348
1641437257.908,96.680,-4.883,710.449,117.676,58.594
1641437257.912,87.891,-5.371,827.148,163.574,71.289
1641437257.916,44.434,-8.789,636.719,58.594,29.785
1641437257.920,37.109,-7.324,618.164,43.457,33.203
1641437257.936,70.801,-4.883,804.688,167.480,64.941
1641437257.940,75.195,-9.277,881.348,231.445,68.848
1641437257.944,33.691,-9.766,810.059,149.414,80.566
1641437257.948,17.578,-5.859,753.418,61.523,45.898
1641437257.952,47.852,-6.836,738.281,112.305,6.836
1641437257.956,74.219,-12.695,699.707,195.312,11.230
1641437257.960,46.875,-20.996,485.840,135.742,18.066
1641437257.963,26.367,-12.695,564.453,23.438,-1.465
1641437257.967,50.293,-5.859,795.898,35.645,-47.363
1641437257.971,81.055,-4.883,912.109,137.207,14.648
1641437257.975,71.289,-1.953,-995.117,127.930,39.551
1641437257.979,30.273,-4.395,935.059,0.000,-20.020
1641437257.980,36.133,-6.836,833.496,-7.812,-21.973
1641437257.984,77.637,-6.836,863.770,89.844,4.883
1641437257.988,86.426,-6.348,985.352,127.441,29.785
1641437257.992,49.316,-6.348,984.375,40.039,23.438
1641437257.996,35.156,-6.836,828.613,-14.648,-2.441
1641437258.000,72.754,-9.766,681.641,83.008,1.465
1641437258.004,95.215,-5.371,795.898,157.227,47.363
1641437258.007,62.012,-1.465,818.359,71.777,62.012
1641437258.011,34.668,-2.441,657.227,-10.742,13.672
1641437258.015,60.059,0.488,333.984,41.504,-26.367
1641437258.019,83.984,-1.953,480.957,135.742,20.020
1641437258.023,66.406,-1.953,836.426,99.609,48.828
1641437258.025,38.086,5.371,650.879,-15.137,36.133
1641437258.029,46.387,5.859,633.789,-2.930,72.754
1641437258.033,78.613,0.000,841.797,98.633,110.840
1641437258.037,66.406,-2.930,947.754,111.816,110.352
1641437258.041,19.043,-9.277,722.168,-13.184,48.340
1641437258.045,23.438,-9.766,442.383,-44.922,-16.602
1641437258.049,56.641,-3.906,455.078,66.406,-14.648
1641437258.052,63.477,7.324,691.406,109.863,25.391
1641437258.056,29.297,5.859,501.465,3.418,21.973
1641437258.060,10.742,-6.836,148.438,-65.918,-11.719
1641437258.064,39.551,-3.418,353.027,11.719,21.484
1641437258.068,60.059,0.000,648.926,92.285,99.609
1641437258.071,34.668,-4.395,588.867,30.273,62.500
1641437258.075,13.672,-1.465,396.973,-56.152,10.254
1641437258.079,41.504,7.324,460.938,-1.953,-5.859
1641437258.083,68.848,2.930,552.246,101.074,14.648
1641437258.087,46.875,-1.953,542.480,81.543,58.105
1641437258.091,18.066,4.395,276.855,-25.391,8.301
1641437258.095,27.832,7.812,171.387,-17.578,-7.812
1641437258.098,57.129,4.883,396.484,89.844,1.953
1641437258.102,56.152,5.371,250.977,114.746,-47.363
1641437258.106,20.996,11.230,237.793,7.812,-72.266
1641437258.110,18.555,14.160,479.004,-21.973,-29.297
1641437258.114,52.734,14.648,531.738,93.750,7.324
1641437258.117,62.012,12.695,590.332,150.879,15.137
1641437258.121,18.555,0.000,522.461,52.734,-1.465
1641437258.125,-6.348,-3.418,458.008,-13.672,-24.414
1641437258.129,24.414,8.301,343.750,69.336,-35.645
1641437258.133,46.875,8.301,424.805,151.367,-24.414
1641437258.137,20.996,8.789,549.316,82.520,41.992
1641437258.141,3.418,17.090,305.664,-24.414,51.270
1641437258.144,29.297,18.555,113.281,11.719,11.719
1641437258.148,63.477,16.602,203.125,126.465,22.949
1641437258.152,55.176,16.113,554.688,117.676,59.082
1641437258.156,14.160,17.090,533.203,-7.812,53.223
1641437258.160,20.508,10.254,268.555,-10.254,51.758
1641437258.161,56.152,3.906,354.492,100.098,95.215
1641437258.165,48.340,3.906,591.309,125.977,87.891
1641437258.169,9.277,9.277,474.609,18.066,43.457
1641437258.173,4.395,14.160,146.973,-25.879,21.484
1641437258.177,39.062,14.648,190.918,75.195,50.781
1641437258.181,56.152,17.090,367.188,145.508,134.277
1641437258.185,20.996,12.207,307.617,53.223,150.391
1641437258.188,2.930,3.906,-94.238,-47.363,39.551
1641437258.192,39.062,9.277,-197.754,10.254,2.930
1641437258.196,68.359,18.066,354.980,109.375,42.969
1641437258.200,37.598,17.090,369.629,57.129,1.465
1641437258.204,5.859,16.113,95.703,-57.129,-23.926
1641437258.205,20.996,12.695,74.707,-42.969,-53.223
1641437258.209,43.945,9.277,242.188,65.918,-50.293
1641437258.213,35.645,10.742,220.215,81.543,-45.410
1641437258.217,-4.395,12.207,-11.230,-27.832,-92.285
1641437258.221,4.883,14.648,-84.961,-32.227,-116.699
1641437258.225,47.363,10.254,-36.621,85.449,-49.805
1641437258.229,41.504,1.953,-127.441,122.070,-23.926
1641437258.232,-4.395,2.441,-516.113,8.789,-101.562
1641437258.236,-12.207,3.906,-402.344,-51.270,-87.891
1641437258.240,20.020,9.766,-16.602,45.898,-33.203
1641437258.244,38.574,13.672,51.270,115.723,29.297
1641437258.248,16.602,9.277,10.254,40.527,15.137
1641437258.281,-0.977,8.789,-61.523,-34.180,-24.414
1641437258.285,28.809,7.324,-75.195,32.227,33.691
1641437258.289,61.035,5.859,30.762,140.137,69.824
1641437258.293,42.480,1.465,128.906,111.816,58.594
1641437258.297,10.254,1.465,20.020,5.371,20.996
1641437258.301,27.344,11.719,-154.297,22.949,18.066
1641437258.305,65.430,14.648,-331.055,128.418,34.668
1641437258.308,58.594,15.625,-187.988,136.719,9.277
1641437258.312,17.090,16.113,35.645,22.461,18.555
1641437258.316,14.160,11.719,-236.816,-8.301,8.301
1641437258.320,52.734,12.695,-229.004,100.586,9.766
1641437258.324,63.965,20.020,157.715,151.855,64.941
1641437258.311,25.391,17.578,191.895,52.734,57.129
1641437258.315,8.301,9.766,-69.336,-24.414,4.395
1641437258.319,40.039,7.324,-54.199,44.922,5.859
1641437258.323,55.664,12.207,202.637,118.652,28.809
1641437258.327,22.461,13.672,138.672,33.203,4.395
1641437258.331,0.977,11.719,-173.828,-70.312,3.906
1641437258.335,28.809,13.672,-202.148,-24.902,19.531
1641437258.338,53.223,17.090,123.047,81.055,91.309
1641437258.342,38.086,22.949,252.930,66.895,133.301
1641437258.346,5.371,18.555,-51.758,-41.016,46.387
1641437258.350,9.766,19.531,-86.914,-32.715,-19.043
1641437258.354,42.969,16.113,130.859,81.543,-7.812
1641437258.355,40.039,6.836,235.352,117.188,54.199
1641437258.359,-0.488,12.207,-97.656,13.184,37.109
1641437258.363,-3.906,15.625,-358.887,-22.949,18.066
1641437258.367,34.668,19.531,155.273,79.590,79.590
1641437258.371,53.223,23.438,412.598,128.906,101.562
1641437258.375,20.020,19.043,171.875,27.832,43.945
1641437258.379,6.836,18.066,-61.523,-48.340,-4.883
1641437258.382,50.293,23.926,116.699,27.832,47.363
1641437258.386,73.730,21.973,344.238,103.516,62.988
1641437258.390,46.387,18.555,2.441,23.438,-3.906
1641437258.394,19.043,20.996,-90.332,-85.449,-14.648
1641437258.398,45.410,22.461,173.340,-33.203,-40.527
1641437258.401,76.660,16.602,286.621,89.844,-28.809
1641437258.405,57.617,16.602,376.465,80.566,28.809
1641437258.409,17.578,19.531,242.676,-38.574,19.043
1641437258.413,15.137,17.090,117.676,-48.828,-24.902
1641437258.417,42.480,15.625,187.500,60.547,-26.367
1641437258.421,41.992,18.066,209.473,101.562,-20.508
1641437258.425,-0.488,16.602,135.742,-1.953,-46.875
1641437258.428,-9.277,12.207,91.309,-51.758,-41.992
1641437258.432,30.273,6.836,-43.945,61.523,-49.805
1641437258.436,48.828,11.230,-41.504,148.438,-41.504
1641437258.440,6.836,12.695,192.383,57.129,-33.203
1641437258.444,-18.555,6.836,18.555,-40.039,-101.074
1641437258.445,16.602,9.277,-56.641,27.344,-64.453
1641437258.449,44.922,12.695,178.711,136.230,9.766
1641437258.453,26.855,20.508,313.965,103.027,3.906
1641437258.457,-2.930,22.949,70.801,-1.465,-34.180
1641437258.461,12.207,22.949,-81.543,23.926,-42.969
1641437258.465,47.852,19.531,25.391,138.184,6.836
1641437258.469,36.621,11.719,114.746,141.602,10.254
1641437258.472,3.418,14.160,48.828,21.973,-42.969
1641437258.476,6.836,15.625,-439.453,-17.090,-87.402
1641437258.480,39.551,15.137,-386.230,57.617,-40.039
1641437258.484,47.852,12.695,183.105,98.145,17.578
1641437258.488,8.301,6.348,-0.488,5.371,-23.438
1641437258.490,-6.836,8.301,-240.234,-65.430,-21.484
1641437258.494,30.273,18.555,-12.695,24.902,-0.488
1641437258.498,48.340,22.461,188.477,104.492,10.742
1641437258.502,10.742,23.438,1.465,27.344,-5.859
1641437258.506,-7.324,27.832,-216.797,-49.316,-59.082
1641437258.510,15.625,24.902,-155.273,7.812,-8.301
1641437258.514,40.039,19.531,44.922,109.375,53.711
1641437258.517,21.484,13.184,10.742,77.637,84.473
1641437258.521,-8.789,16.113,-314.453,-43.945,39.551
1641437258.525,16.602,24.414,-13.672,-20.996,24.414
1641437258.529,54.199,31.250,388.184,94.238,49.316
1641437258.533,43.457,25.391,299.805,110.352,62.988
1641437258.535,8.301,16.113,221.680,9.277,139.648
1641437258.539,9.277,21.973,321.777,-24.902,123.047
1641437258.543,41.992,25.879,381.348,73.730,65.430
1641437258.547,51.270,24.414,445.312,124.512,113.770
1641437258.551,14.648,23.438,372.070,23.438,104.980
1641437258.555,2.930,23.926,186.523,-61.035,78.125
1641437258.559,31.250,21.484,122.559,6.836,77.637
1641437258.562,45.898,19.531,69.824,83.984,74.219
1641437258.566,17.578,20.508,178.223,9.277,93.262
1641437258.570,1.465,16.113,335.938,-76.172,94.727
1641437258.574,30.273,13.672,142.578,-36.133,50.781
1641437258.578,58.105,11.719,82.031,66.895,47.363
1641437258.581,47.852,15.137,297.363,67.383,111.816
1641437258.585,9.766,13.184,202.637,-51.270,112.305
1641437258.589,11.230,11.230,-148.926,-64.453,83.496
1641437258.593,52.246,18.066,-154.297,36.133,70.312
1641437258.597,53.711,18.066,123.535,59.570,88.867
1641437258.601,14.648,13.184,-84.961,-47.363,68.848
1641437258.605,3.906,10.742,-481.934,-84.473,42.969
1641437258.608,32.227,15.137,-361.816,19.043,96.680
1641437258.612,48.828,16.113,121.094,91.309,138.184
1641437258.616,20.020,15.625,73.730,11.230,57.129
1641437258.620,5.371,17.090,-217.285,-49.316,44.922
1641437258.624,39.062,15.137,-112.305,47.852,92.773
1641437258.626,62.988,21.973,162.109,153.320,140.137
1641437258.630,37.109,25.879,95.215,105.469,175.293
1641437258.634,4.883,24.414,-187.988,3.418,114.746
1641437258.638,19.531,24.902,-185.059,26.367,31.738
1641437258.642,56.641,27.832,69.336,143.555,94.727
1641437258.646,46.875,20.508,93.750,141.113,174.805
1641437258.650,8.789,16.113,-419.434,25.391,106.934
1641437258.653,14.160,19.043,-490.723,34.180,97.168
1641437258.657,45.898,14.648,127.441,160.156,167.480
1641437258.661,47.852,14.648,261.230,199.707,188.965
1641437258.665,5.859,21.484,99.609,87.891,180.664
1641437258.669,0.977,23.926,50.293,27.344,146.973
1641437258.701,38.086,26.367,109.375,107.910,149.902
1641437258.705,53.223,29.785,156.738,168.457,196.289
1641437258.709,18.555,23.926,131.836,92.285,196.289
1641437258.713,-5.371,17.578,-41.504,2.930,99.121
1641437258.717,19.531,17.578,-141.602,62.988,71.289
1641437258.721,38.574,16.113,-129.395,172.363,151.855
1641437258.725,16.113,14.648,-363.281,137.207,155.273
1641437258.728,-10.254,12.207,-252.930,34.668,95.703
1641437258.732,9.277,15.625,14.648,59.570,87.402
1641437258.736,45.410,20.508,106.445,157.715,144.531
1641437258.740,40.527,21.484,178.711,151.855,172.852
1641437258.744,8.789,26.855,71.777,27.832,99.609
1641437258.730,13.184,22.949,-88.867,-10.742,29.785
1641437258.734,48.828,19.531,-104.492,87.402,14.648
1641437258.738,57.617,26.855,53.711,137.695,55.664
1641437258.742,20.020,24.414,41.504,43.945,87.402
1641437258.746,8.789,20.996,-135.742,-13.184,107.910
1641437258.750,39.551,23.926,-193.848,76.660,119.141
1641437258.754,57.617,22.949,-108.887,148.438,118.652
1641437258.757,20.996,20.996,-65.918,75.684,142.090
1641437258.761,-2.441,19.531,-159.180,-2.441,109.863
1641437258.765,20.996,13.184,-166.504,35.645,67.871
1641437258.769,41.992,12.695,37.109,127.930,63.477
1641437258.773,21.973,13.184,137.207,106.445,92.773
1641437258.775,-11.230,14.160,-135.254,2.930,80.078
1641437258.779,0.488,18.066,-551.270,13.672,17.578
1641437258.783,31.738,19.531,-288.574,104.980,29.297
1641437258.787,37.109,22.949,88.867,116.211,27.832
1641437258.791,-3.906,19.531,-146.973,-12.695,-10.254
1641437258.795,-11.230,22.949,-431.641,-59.082,-35.645
1641437258.799,28.320,22.949,-386.719,47.852,-19.531
1641437258.802,36.621,10.742,-93.750,99.609,39.062
1641437258.806,-2.441,10.254,-303.711,0.488,75.195
1641437258.810,-17.090,15.625,-657.227,-74.219,28.320
1641437258.814,21.973,19.531,-427.246,15.137,7.812
1641437258.818,48.828,26.855,-92.773,120.117,50.293
1641437258.821,19.531,23.438,-143.066,58.105,34.180
1641437258.825,-0.977,20.996,-310.059,-37.598,27.832
1641437258.829,24.414,23.438,-170.898,-7.812,36.621
1641437258.833,46.875,18.066,-24.902,91.309,10.254
1641437258.837,26.855,15.137,-35.156,77.148,1.465
1641437258.841,-2.930,15.137,-291.016,-41.992,-36.133
1641437258.845,7.812,23.438,-310.547,-45.898,-38.086
1641437258.848,41.504,21.484,-18.066,49.316,26.367
1641437258.852,38.086,8.301,-164.551,68.359,26.855
1641437258.856,-0.977,12.207,-173.828,-46.875,-20.508
1641437258.860,-8.301,18.555,38.086,-104.492,-34.180
1641437258.864,22.949,16.113,-26.367,-17.090,-43.457
1641437258.866,45.410,17.578,-10.742,42.480,-18.555
1641437258.870,11.719,20.020,21.973,-58.105,29.785
1641437258.874,-11.230,18.555,-10.742,-147.949,19.043
1641437258.878,21.973,18.066,-131.836,-80.566,4.883
1641437258.882,43.945,16.113,-67.871,2.441,16.113
1641437258.886,10.742,15.137,-45.898,-55.176,0.977
1641437258.890,-12.207,16.113,-213.867,-151.367,-27.832
1641437258.893,13.184,14.648,-395.020,-115.234,-79.102
1641437258.897,39.551,16.113,-380.371,-16.602,-49.316
1641437258.901,25.879,22.949,11.719,-40.039,60.059
1641437258.905,-3.906,23.438,-34.668,-164.551,31.250
1641437258.909,19.531,20.996,-350.098,-171.875,-68.848
1641437258.911,46.875,14.160,-245.117,-62.988,-61.035
1641437258.915,21.484,10.742,-27.832,-47.363,-19.531
1641437258.919,-20.996,12.695,-187.988,-150.391,-22.461
1641437258.923,-18.555,12.695,-575.684,-171.875,-75.195
1641437258.927,23.926,13.672,-556.152,-52.246,-63.477
1641437258.931,40.527,14.648,-282.715,49.805,-33.203
1641437258.935,7.324,15.137,-308.105,-0.488,-57.129
1641437258.938,-16.113,18.066,-703.613,-67.383,-79.590
1641437258.942,8.301,19.531,-731.445,2.930,-74.707
1641437258.946,35.645,13.184,-163.086,109.863,-105.957
1641437258.950,13.672,11.719,-106.934,62.012,-143.555
1641437258.954,-14.648,16.113,-316.895,-61.035,-94.727
1641437258.956,5.859,19.043,-299.316,-51.758,-112.305
1641437258.960,39.551,27.344,-92.285,47.852,-95.703
1641437258.964,38.086,25.879,-100.586,58.594,0.000
1641437258.968,5.371,20.996,-270.508,-50.293,3.418
1641437258.972,6.836,17.578,-264.648,-71.289,-33.691
1641437258.976,41.992,14.648,-256.348,32.227,-46.387
1641437258.980,49.805,17.090,-352.539,80.078,-34.668
1641437258.983,14.160,14.648,-678.223,-1.953,-48.340
1641437258.987,2.441,12.695,-591.309,-51.270,-42.480
1641437258.991,36.621,18.066,-208.496,47.852,23.438
1641437258.995,56.641,20.996,-112.305,135.742,54.199
1641437258.999,24.414,20.508,-178.223,67.383,-7.812
1641437259.001,-2.930,19.043,-209.961,4.395,-12.695
1641437259.005,22.949,19.531,-181.641,59.570,65.430
1641437259.009,53.223,19.531,-100.586,153.320,72.266
1641437259.013,35.156,21.484,-5.371,146.484,65.918
1641437259.017,1.465,18.066,-83.984,48.828,88.867
1641437259.021,17.578,11.230,-268.555,53.711,72.754
1641437259.025,53.711,14.160,-479.004,150.391,66.406
1641437259.028,43.945,18.066,-282.715,160.645,93.750
1641437259.032,5.859,15.625,-9.766,34.668,139.160
1641437259.036,9.277,19.043,-345.215,-29.785,124.023
1641437259.040,44.434,21.973,-476.074,58.594,55.176
1641437259.044,44.922,18.555,-142.578,112.305,104.492
1641437259.061,1.465,17.090,-112.305,31.250,147.949
1641437259.065,-13.672,18.066,-356.445,-36.133,99.609
1641437259.069,20.508,17.090,-366.699,22.949,69.824
1641437259.073,48.828,20.508,-95.215,124.023,118.652
1641437259.077,26.855,23.926,-56.152,82.520,159.668
1641437259.081,2.441,17.578,-452.637,-10.254,105.957
1641437259.085,22.461,18.066,-588.867,22.949,83.008
1641437259.088,51.758,20.020,-222.656,123.535,83.984
1641437259.092,42.480,19.043,13.672,117.676,100.586
1641437259.096,2.930,22.461,-421.875,0.000,46.387
1641437259.100,5.859,24.414,-656.738,-19.043,12.695
1641437259.104,43.457,22.949,-211.426,62.988,88.867
1641437259.106,42.969,21.973,-190.430,95.215,62.500
1641437259.110,3.418,21.484,-471.191,-1.465,8.789
1641437259.114,-5.371,13.672,-536.133,-37.109,9.766
1641437259.118,29.785,14.160,-328.613,73.242,31.250
1641437259.122,45.410,18.066,-173.340,140.625,74.219
1641437259.126,4.395,20.508,-361.816,55.176,84.961
1641437259.130,-16.602,25.391,-600.586,-11.230,78.125
1641437259.133,25.879,26.855,-442.383,68.848,87.891
1641437259.137,53.711,29.785,-213.867,161.133,91.797
1641437259.141,33.203,27.832,-498.535,104.004,50.781
1641437259.145,13.184,30.273,-579.590,0.000,4.883
1641437259.149,26.855,25.879,-309.570,26.367,24.902
1641437259.150,56.152,15.137,-249.023,121.582,67.383
1641437259.154,46.387,17.578,-169.922,115.723,46.387
1641437259.158,5.371,17.578,-292.480,-16.113,9.277
1641437259.162,-1.465,15.137,-442.871,-45.410,-19.531
1641437259.166,29.297,25.391,-387.207,69.824,10.742
1641437259.170,34.180,28.320,-390.625,112.793,14.160
1641437259.174,0.488,21.973,-397.461,13.184,-16.113
1641437259.177,-0.488,25.391,-303.223,-37.598,-2.441
1641437259.181,34.668,29.785,-364.258,41.016,-23.438
1641437259.185,52.246,28.809,-426.758,120.117,-8.301
1641437259.189,20.508,27.832,-119.141,47.852,5.859
1641437259.193,-8.789,19.531,-182.617,-51.758,-55.176
1641437259.195,18.555,12.207,-263.672,9.766,-39.551
1641437259.199,48.828,18.555,-77.148,102.051,-17.090
1641437259.203,29.785,25.391,45.410,59.082,-36.133
1641437259.207,1.953,27.832,-140.137,-43.945,-62.988
1641437259.211,16.113,26.855,-309.082,-25.391,-62.500
1641437259.215,44.434,22.461,-187.500,92.773,-19.043
1641437259.219,40.039,22.949,-117.188,104.492,-24.902
1641437259.222,7.324,22.949,-193.848,-6.348,-26.367
1641437259.226,6.836,20.020,-557.617,-29.785,-42.480
1641437259.230,41.504,18.555,-466.797,73.730,-7.324
1641437259.234,47.363,17.090,102.539,109.375,43.945
1641437259.238,12.207,19.043,-41.016,1.465,20.020
1641437259.240,1.953,20.996,-252.441,-61.035,8.789
1641437259.244,34.668,20.020,-108.398,12.207,-19.531
1641437259.248,55.664,24.902,20.996,78.613,-36.621
1641437259.252,26.855,27.832,-84.961,10.254,-11.719
1641437259.256,3.418,23.438,-255.859,-82.031,44.434
1641437259.260,24.902,20.020,-305.664,-40.527,22.949
1641437259.264,52.734,25.391,-178.223,69.824,19.043
1641437259.267,33.691,23.926,-254.883,32.715,0.000
1641437259.271,-3.906,17.578,-518.066,-93.262,-8.789
1641437259.275,12.695,18.555,-280.273,-82.031,-8.789
1641437259.279,49.316,20.020,-31.250,28.809,-35.156
1641437259.283,45.898,24.902,-45.410,66.406,4.395
1641437259.285,3.418,27.344,-110.352,-47.363,-2.441
1641437259.289,1.953,24.414,-172.363,-82.520,-10.254
1641437259.293,44.434,23.926,-68.848,44.434,67.871
1641437259.297,51.270,24.414,62.988,89.355,67.871
1641437259.301,16.602,26.855,-28.320,-10.254,10.254
1641437259.305,2.930,25.391,-284.668,-72.754,9.766
1641437259.309,31.250,19.531,-332.520,-8.301,25.391
1641437259.312,52.734,20.996,-334.961,82.520,9.766
1641437259.316,27.344,20.020,-253.906,37.109,0.977
1641437259.320,-1.465,11.230,-124.023,-56.641,-42.969
1641437259.324,14.648,9.277,-225.586,-11.230,-29.297
1641437259.328,48.828,17.578,-190.918,87.402,-12.207
1641437259.330,36.621,23.926,-70.312,73.730,-69.336
1641437259.334,1.465,22.949,-115.234,-33.691,-84.961
1641437259.338,12.695,20.020,-389.648,-36.621,-132.324
1641437259.342,49.805,19.531,-393.066,73.242,-142.578
1641437259.346,50.293,22.949,-59.082,115.234,-46.875
1641437259.350,11.719,22.949,-123.535,16.602,-20.508
1641437259.354,2.930,19.043,-541.016,-36.621,-114.258
1641437259.357,39.551,17.578,-616.699,60.547,-129.883
1641437259.361,58.105,12.207,-124.023,120.605,-60.547
1641437259.365,22.461,9.277,-59.082,36.621,-67.383
1641437259.369,0.488,15.625,-247.559,-26.855,-80.566
1641437259.373,27.832,13.672,-122.559,49.316,-47.852
1641437259.391,46.387,18.555,131.348,155.273,-0.977
1641437259.395,20.996,25.879,51.270,121.582,-29.297
1641437259.399,-7.812,13.672,-344.727,9.766,-94.238
1641437259.403,24.902,10.254,-284.668,52.734,-81.543
1641437259.407,71.777,23.926,107.422,173.340,22.461
1641437259.411,41.992,28.320,103.027,144.531,48.340
1641437259.415,-5.859,27.344,-393.066,12.207,-50.293
1641437259.418,4.395,26.855,-392.578,2.441,-33.691
1641437259.422,45.410,25.391,65.430,110.352,60.059
1641437259.426,54.688,29.785,196.289,142.578,70.312
1641437259.430,20.020,24.414,120.117,42.480,43.945
1641437259.434,12.695,17.578,60.547,-20.020,27.832
1641437259.436,36.621,15.625,129.883,52.734,55.176
1641437259.440,44.922,15.137,222.168,126.953,76.172
1641437259.444,16.113,21.484,231.934,39.551,65.918
1641437259.448,2.930,20.996,187.012,-47.852,38.086
1641437259.452,31.738,20.020,146.484,31.250,1.953
1641437259.456,62.500,19.043,106.934,133.789,-9.766
1641437259.460,45.898,17.578,116.699,89.844,26.367
1641437259.463,15.137,18.066,78.125,-43.457,53.711
1641437259.467,28.320,13.184,152.832,-39.062,24.902
1641437259.471,54.199,6.836,139.648,67.383,-30.762
1641437259.475,43.457,13.672,-35.645,62.500,-85.449
1641437259.479,0.977,19.531,162.109,-67.871,-94.727
1641437259.480,1.953,20.996,270.020,-96.680,-67.871
1641437259.484,44.434,21.973,326.660,12.207,-60.059
1641437259.488,48.340,21.973,509.766,38.086,-40.527
1641437259.492,10.742,20.508,496.094,-81.055,-40.527
1641437259.496,0.000,18.066,241.211,-170.410,-100.098
1641437259.500,31.738,12.695,62.500,-102.051,-98.145
1641437259.504,50.781,9.766,150.391,-1.465,-100.098
1641437259.507,13.672,16.602,159.180,-57.129,-107.910
1641437259.511,-10.254,18.555,-19.043,-128.906,-107.422
1641437259.515,28.809,15.137,-324.707,-65.430,-132.812
1641437259.519,62.988,21.484,-224.609,49.316,-101.562
1641437259.523,45.410,27.344,249.512,58.594,-34.668
1641437259.525,7.812,20.020,76.660,-47.363,-28.320
1641437259.529,19.043,21.973,-130.371,-41.992,-59.082
1641437259.533,55.664,27.344,134.766,77.148,-62.988
1641437259.537,53.711,26.367,304.688,107.422,-7.812
1641437259.541,16.602,27.344,96.680,-3.906,-4.395
1641437259.545,11.719,18.555,-183.105,-45.410,-68.848
1641437259.549,45.410,14.160,-150.391,62.988,-55.664
1641437259.552,55.664,21.973,169.922,109.863,11.719
1641437259.556,24.414,28.320,-21.973,-2.930,2.441
1641437259.560,6.348,31.738,-394.043,-105.957,-33.203
1641437259.564,36.621,33.691,-165.527,-42.480,30.762
1641437259.568,64.453,36.621,92.773,58.105,62.988
1641437259.570,35.645,35.645,-56.641,-9.277,9.766
1641437259.574,7.324,29.297,-234.863,-113.770,-0.977
1641437259.578,27.344,27.832,-61.523,-71.777,32.715
1641437259.582,54.688,25.391,121.094,34.180,46.387
1641437259.586,44.434,21.973,79.590,31.738,27.344
1641437259.590,7.324,19.043,-270.020,-74.707,7.324
1641437259.594,9.766,19.531,-390.137,-63.477,29.297
1641437259.597,42.969,28.320,-132.812,60.547,66.406
1641437259.601,40.527,27.344,-234.375,99.121,50.293
1641437259.605,2.930,26.367,-326.660,-1.465,14.160
1641437259.609,1.465,29.297,-262.207,-38.086,7.812
1641437259.613,39.551,30.762,-323.242,82.031,16.113
1641437259.616,59.082,30.762,-198.730,157.715,55.176
1641437259.620,22.949,25.391,-275.879,74.707,25.879
1641437259.624,-11.719,20.508,-376.953,2.930,7.324
1641437259.628,20.020,18.066,-451.172,74.707,29.297
1641437259.632,50.293,15.137,-395.508,177.246,47.363
1641437259.636,23.926,17.578,-260.254,132.812,69.336
1641437259.640,-4.883,14.160,-331.543,35.645,60.547
1641437259.643,9.277,13.672,-408.203,64.941,74.707
1641437259.647,41.016,18.555,-402.832,174.316,54.199
1641437259.651,29.785,21.484,-16.602,179.199,73.242
1641437259.655,-5.371,21.973,7.324,61.523,88.867
1641437259.659,0.977,16.602,-129.883,42.480,74.707
1641437259.675,32.227,13.184,19.043,140.625,94.238
1641437259.679,36.133,19.043,237.305,166.992,115.234
1641437259.683,-4.883,21.484,135.254,46.875,77.148
1641437259.687,-17.090,22.461,-125.000,-25.879,45.898
1641437259.691,20.996,18.066,-174.805,59.082,81.543
1641437259.695,39.062,13.672,-94.727,135.742,98.145
1641437259.699,11.230,17.578,-125.488,51.758,85.938
1641437259.702,-7.324,22.461,-562.988,-44.434,29.297
1641437259.706,24.902,27.344,-622.559,15.137,-2.930
1641437259.710,56.641,25.879,-57.617,128.906,41.016
1641437259.714,36.133,26.367,-37.109,110.840,31.250
1641437259.718,5.371,26.855,-244.141,16.113,15.625
1641437259.705,21.973,23.926,-100.586,49.316,35.645
1641437259.709,54.199,21.484,56.152,168.457,48.828
1641437259.713,43.945,22.461,68.359,187.012,69.824
1641437259.717,5.859,16.602,19.043,72.754,95.215
1641437259.721,0.488,9.766,-31.738,41.992,20.508
1641437259.725,29.297,14.160,65.430,154.297,-16.602
1641437259.729,37.598,21.973,154.785,200.684,18.066
1641437259.732,0.000,26.855,102.051,92.773,-2.441
1641437259.736,-9.277,27.344,80.566,19.043,-43.457
1641437259.740,24.902,19.531,240.723,91.797,10.254
1641437259.744,41.992,11.230,236.328,166.504,57.617
1641437259.748,19.531,12.207,-33.203,87.891,44.922
1641437259.765,-1.465,10.254,25.391,-27.344,43.945
1641437259.769,28.320,16.602,160.645,3.906,22.949
1641437259.773,61.035,25.879,250.488,104.004,26.367
1641437259.777,42.969,20.508,299.316,77.148,41.992
1641437259.781,10.742,16.602,209.961,-35.156,62.012
1641437259.785,23.926,19.043,67.383,-19.531,75.684
1641437259.789,57.129,20.508,-155.273,86.914,18.066
1641437259.792,55.664,22.461,-28.809,115.723,0.977
1641437259.796,18.555,29.297,258.789,17.578,47.363
1641437259.800,11.719,29.297,2.441,-19.043,41.016
1641437259.804,38.086,25.391,-50.781,92.773,58.105
1641437259.808,49.316,25.391,306.641,172.852,103.027
1641437259.811,17.090,23.438,341.797,95.703,97.168
1641437259.815,-1.953,11.719,54.199,13.184,45.410
1641437259.819,28.809,5.859,46.387,84.473,60.059
1641437259.823,53.711,14.648,325.195,182.129,87.891
1641437259.827,23.438,18.555,365.723,117.676,61.523
1641437259.831,-7.812,13.184,90.332,10.254,62.988
1641437259.835,13.672,14.648,-52.246,35.156,84.473
1641437259.838,47.363,19.531,171.875,126.953,111.328
1641437259.842,38.086,20.996,379.883,125.488,79.102
1641437259.846,3.906,17.578,-30.762,12.695,2.930
1641437259.850,12.695,14.648,-342.285,1.465,13.184
1641437259.854,48.340,13.184,86.914,110.840,82.520
1641437259.856,56.641,15.137,283.203,151.367,141.602
1641437259.860,19.531,18.066,46.875,40.039,165.039
1641437259.864,12.695,14.648,-68.359,-18.066,129.395
1641437259.868,53.711,14.648,178.711,76.172,121.094
1641437259.872,65.430,19.531,313.965,130.859,179.688
1641437259.876,28.809,19.531,71.289,40.527,171.387
1641437259.880,9.277,20.020,-117.676,-36.621,104.004
1641437259.883,32.715,24.902,83.984,17.578,108.398
1641437259.887,51.758,21.973,217.773,108.887,111.328
1641437259.891,27.832,19.043,-116.699,55.664,75.684
1641437259.895,-1.953,22.949,-224.609,-59.082,59.570
1641437259.899,12.207,15.625,8.789,-22.949,65.430
1641437259.901,42.480,11.719,91.309,90.820,83.008
1641437259.905,38.086,17.578,167.969,90.332,90.820
1641437259.909,2.441,18.555,58.105,-32.227,93.750
1641437259.913,4.395,19.043,-116.211,-46.387,85.938
1641437259.917,43.457,15.137,-101.562,66.406,81.543
1641437259.921,45.898,13.184,-142.578,104.004,92.773
1641437259.925,7.812,15.625,-158.203,1.465,108.887
1641437259.928,-4.883,10.742,-144.043,-68.359,138.184
1641437259.932,29.785,3.906,-321.777,23.926,97.656
1641437259.936,50.293,5.859,-326.660,114.258,108.398
1641437259.940,20.508,16.113,8.301,45.898,137.207
1641437259.944,0.977,20.020,-98.633,-45.410,54.688
1641437259.949,22.949,21.484,-210.449,-0.977,45.898
1641437259.953,52.734,24.902,-37.109,104.004,82.031
1641437259.957,33.691,22.461,73.730,80.078,84.961
1641437259.961,-6.836,19.043,-126.465,-36.621,63.477
1641437259.965,8.789,21.973,-287.598,-30.273,74.219
1641437259.969,50.781,25.879,-225.586,73.242,86.914
1641437259.973,49.316,25.879,-162.109,76.660,82.031
1641437259.976,12.695,15.625,-247.070,-43.457,52.734
1641437259.980,14.648,11.230,-362.305,-82.031,65.918
1641437259.984,51.270,18.555,-138.672,4.395,103.516
1641437259.988,60.059,22.461,44.434,37.598,74.707
1641437259.992,20.996,24.414,-229.492,-70.312,47.852
1641437259.991,9.277,21.973,-486.328,-143.066,40.039
1641437259.995,42.969,18.066,-292.480,-64.453,38.574
1641437259.999,64.941,18.066,-27.344,25.879,82.031
1641437260.003,32.715,17.578,-152.344,-24.902,79.590
1641437260.007,6.348,14.160,-412.109,-106.445,40.039
1641437260.011,34.180,12.207,-337.402,-54.199,33.203
1641437260.015,62.012,11.230,-183.105,43.945,29.297
1641437260.018,46.387,11.719,-273.438,31.250,13.184
1641437260.022,10.742,18.555,-703.125,-73.730,-45.898
1641437260.026,14.648,20.020,-833.008,-83.984,-37.598
1641437260.030,46.875,23.438,-286.133,13.184,33.203
1641437260.034,41.504,24.902,118.652,34.668,65.430
1641437260.036,-3.906,16.602,1.465,-90.820,38.574
1641437260.040,-10.742,17.578,-78.613,-149.414,7.324
1641437260.044,25.879,20.508,3.906,-45.898,26.855
1641437260.048,40.039,20.020,36.133,17.578,65.430
1641437260.052,5.859,20.996,-67.383,-72.266,42.480
1641437260.056,-12.695,16.113,-284.668,-159.668,4.395
1641437260.060,14.648,7.324,-278.809,-104.004,43.945
1641437260.063,40.039,8.301,-367.188,-7.324,14.160
1641437260.067,19.043,15.625,-429.199,-49.316,-14.160
1641437260.071,-11.230,20.020,-191.406,-147.949,7.812
1641437260.075,4.883,19.043,-225.586,-114.746,-17.090
1641437260.079,41.504,20.996,-250.488,-14.648,-13.672
1641437260.082,32.715,25.391,-127.441,-28.809,-42.969
1641437260.086,-1.465,25.879,-123.047,-134.277,-49.316
1641437260.090,8.301,17.578,-318.848,-133.301,-32.227
1641437260.094,45.410,16.113,-311.523,-29.785,-39.551
1641437260.098,44.922,23.926,-50.293,12.695,4.883
1641437260.102,4.395,20.508,-256.348,-82.031,-8.789
1641437260.106,-7.812,15.137,-624.512,-134.766,-47.852
1641437260.109,20.020,14.160,-649.414,-28.320,-51.270
1641437260.113,33.691,13.672,-258.789,56.641,-43.457
1641437260.117,-2.441,12.207,-77.637,-16.602,-30.273
1641437260.121,-25.391,11.230,-479.980,-86.426,-77.637
1641437260.125,3.906,9.277,-623.535,-17.578,-103.027
1641437260.141,34.668,14.648,-188.965,102.539,-60.059
1641437260.145,19.043,15.625,-110.840,76.660,-48.828
1641437260.149,-14.160,16.113,-440.430,-28.320,-42.969
1641437260.153,2.930,15.625,-495.117,4.883,-26.367
1641437260.157,41.504,5.371,-259.277,107.422,23.926
1641437260.161,38.086,14.160,-226.562,111.816,57.617
1641437260.165,0.000,21.973,-634.277,-16.113,21.484
1641437260.168,0.488,19.043,-947.754,-56.641,-38.086
1641437260.172,40.039,21.484,-455.566,62.500,-34.668
1641437260.176,48.828,23.438,-94.727,122.070,-13.184
1641437260.180,9.766,21.484,-242.188,32.715,-39.551
1641437260.184,-5.371,16.602,-280.762,-30.762,-91.797
1641437260.170,24.414,13.672,-177.246,51.270,-136.230
1641437260.174,37.109,15.625,-104.980,135.254,-113.770
1641437260.178,2.930,13.672,-125.977,65.430,-95.215
1641437260.182,-22.949,13.184,-158.691,-25.391,-121.094
1641437260.186,-0.488,16.113,-95.215,22.949,-87.402
1641437260.190,33.203,9.277,-146.973,128.418,-59.082
1641437260.194,21.973,6.348,-236.816,109.375,-18.066
1641437260.197,-4.883,12.695,-253.906,6.836,-34.180
1641437260.201,12.695,16.602,-178.223,30.273,-54.199
1641437260.205,47.363,15.625,-221.191,146.484,-18.066
1641437260.209,37.598,11.719,-413.086,174.316,-11.230
1641437260.213,-3.418,8.301,-252.930,71.777,8.789
1641437260.231,-4.883,4.395,-139.160,46.387,42.480
1641437260.235,27.832,3.906,-113.281,162.598,54.688
1641437260.239,33.691,3.418,54.688,220.215,58.105
1641437260.243,-1.953,0.977,135.742,127.930,113.281
1641437260.247,-10.742,5.859,-66.406,66.895,49.805
1641437260.251,25.391,12.695,-189.941,154.785,30.762
1641437260.255,49.316,11.230,54.688,242.676,70.312
1641437260.258,23.926,14.160,184.570,183.105,38.574
1641437260.262,2.441,20.996,26.855,95.215,58.105
1641437260.266,30.762,23.926,-210.449,136.719,51.758
1641437260.270,62.988,27.344,-93.262,234.375,26.855
1641437260.274,49.316,29.785,355.469,217.773,65.918
1641437260.276,12.695,30.762,223.633,92.773,61.035
1641437260.280,15.137,28.809,94.727,77.148,53.223
1641437260.284,45.410,26.367,348.145,177.734,125.977
1641437260.288,43.457,28.809,479.492,195.801,125.000
1641437260.292,5.371,23.926,194.336,73.730,46.875
1641437260.296,-2.441,23.438,-99.609,20.996,19.043
1641437260.300,35.645,17.090,50.293,111.328,69.824
1641437260.303,49.805,8.301,285.156,159.180,87.402
1641437260.307,8.301,12.207,128.906,67.383,85.449
1641437260.311,-2.930,13.672,-68.848,-8.789,99.121
1641437260.315,36.621,12.207,-66.406,56.152,29.785
1641437260.319,67.383,15.625,188.477,170.410,59.082
1641437260.320,46.875,17.578,149.902,130.371,103.027
1641437260.324,13.184,17.090,-159.668,19.531,28.809
1641437260.328,29.785,17.578,-114.746,50.781,15.137
1641437260.332,62.500,16.602,49.316,167.480,72.754
1641437260.336,51.270,16.602,-146.973,176.758,91.309
1641437260.340,11.719,18.066,-449.219,62.012,41.504
1641437260.344,16.113,12.207,-298.828,61.035,38.574
1641437260.347,56.152,10.254,-42.480,171.875,98.633
1641437260.351,56.641,15.625,65.430,195.312,116.699
1641437260.355,10.742,17.090,-10.254,88.867,73.242
1641437260.359,6.348,16.113,-69.336,37.598,87.402
1641437260.363,41.504,19.531,-13.184,129.395,114.746
1641437260.366,53.711,20.996,-57.129,192.871,63.965
1641437260.370,20.020,18.066,-381.836,101.562,-18.066
1641437260.374,5.859,20.508,-337.402,20.020,-36.133
1641437260.378,38.574,22.949,89.355,65.918,3.418
1641437260.382,60.059,23.438,326.660,144.043,42.969
1641437260.386,31.738,14.160,336.426,89.844,82.520
1641437260.390,-3.906,9.766,132.324,-39.551,54.199
1641437260.393,13.672,17.090,-71.777,-26.855,14.160
1641437260.397,49.316,19.043,-13.184,78.125,23.926
1641437260.401,44.922,22.949,378.418,87.402,64.941
1641437260.405,8.301,21.484,339.844,-34.668,78.125
1641437260.409,11.230,21.973,131.836,-67.383,38.086
1641437260.411,50.781,19.043,257.812,53.711,23.926
1641437260.415,59.570,19.043,504.883,107.422,68.359
1641437260.419,20.508,19.531,439.453,-0.977,90.332
1641437260.423,10.742,12.207,175.781,-80.078,62.500
1641437260.427,45.898,14.160,186.035,-1.953,61.523
1641437260.431,64.453,20.996,384.766,93.262,150.391
1641437260.435,32.227,18.555,437.012,25.391,163.574
1641437260.438,2.930,12.207,24.414,-74.219,76.660
1641437260.442,22.461,14.648,-48.340,-23.926,62.012
1641437260.446,49.805,20.996,561.523,92.285,108.887
1641437260.450,23.926,16.113,645.020,76.660,117.188
1641437260.454,-9.766,18.555,429.199,-27.344,107.422
1641437260.455,7.812,24.902,438.965,-9.277,125.000
1641437260.459,42.969,21.484,587.891,103.516,157.715
1641437260.463,38.574,16.602,550.781,126.465,154.297
1641437260.467,-2.441,14.648,408.203,16.602,114.746
1641437260.471,-9.277,17.578,367.188,-21.973,73.242
1641437260.475,21.973,19.043,374.512,75.684,68.848
1641437260.479,29.785,20.020,333.496,130.371,81.543
1641437260.482,-4.395,14.648,41.504,33.691,67.871
1641437260.486,-22.461,13.672,132.812,-43.457,81.055
1641437260.490,14.160,16.602,446.289,27.344,119.629
1641437260.494,43.945,14.648,537.109,108.887,128.418
1641437260.498,15.625,14.160,504.395,44.434,82.031
1641437260.501,-13.184,9.277,326.660,-64.453,78.613
1641437260.505,8.301,-0.977,267.090,-36.621,119.141
1641437260.509,43.457,3.906,348.145,63.965,107.910
1641437260.513,30.762,15.625,375.488,48.340,86.426
1641437260.517,-3.906,11.230,259.277,-65.918,83.496
1641437260.521,11.719,9.277,-40.039,-61.035,46.387
1641437260.525,44.434,25.879,22.461,43.457,92.285
1641437260.528,33.691,35.156,309.570,50.781,135.254
1641437260.532,-2.930,23.438,265.625,-55.176,108.887
1641437260.536,-0.488,13.184,62.012,-90.332,108.398
1641437260.540,36.621,13.184,-274.414,1.953,64.453
1641437260.544,45.410,19.531,-76.172,51.758,31.738
1641437260.560,8.789,16.602,303.223,-28.809,36.133
1641437260.564,-11.230,9.277,78.125,-87.891,-2.441
1641437260.568,18.555,19.531,59.570,-13.184,5.371
1641437260.572,41.992,25.391,396.973,91.797,33.203
1641437260.576,6.836,23.438,452.637,49.805,59.570
1641437260.580,-29.297,20.508,-5.859,-53.711,11.230
1641437260.584,-11.719,10.254,-242.188,-26.855,-38.086
1641437260.587,16.113,12.695,231.445,68.359,0.488
1641437260.591,7.812,15.625,516.113,73.242,51.758
1641437260.595,-20.020,11.719,284.180,-40.039,43.945
1641437260.599,-8.301,12.695,66.406,-63.965,17.578
1641437260.603,38.086,16.602,278.809,49.805,38.086
1641437260.605,50.293,14.160,308.105,91.309,69.824
1641437260.609,13.672,6.836,-26.855,-11.719,79.590
1641437260.613,7.812,8.789,-57.129,-64.941,68.848
1641437260.617,52.246,19.531,100.098,31.738,34.668
1641437260.621,76.172,20.996,266.602,113.281,72.754
1641437260.625,42.969,19.531,61.035,38.574,86.914
1641437260.629,22.461,19.531,-138.672,-54.688,55.664
1641437260.632,40.039,18.066,-27.832,-24.902,46.387
1641437260.636,57.617,16.602,53.223,59.082,83.008
1641437260.640,44.922,15.625,-198.730,14.160,64.453
1641437260.644,10.254,16.602,-317.383,-110.840,22.949
1641437260.648,18.066,8.301,-90.820,-89.844,37.598
1641437260.651,51.758,4.395,-48.340,24.902,56.641
1641437260.655,38.086,8.301,-45.898,34.180,64.453
1641437260.659,-6.348,9.766,-49.805,-89.844,70.312
1641437260.663,-13.184,8.301,-201.660,-127.441,39.062
1641437260.667,20.508,10.254,-259.277,-21.484,31.250
1641437260.671,31.738,16.602,-238.281,28.320,46.875
1641437260.675,-10.254,13.672,-240.234,-78.125,61.035
1641437260.678,-27.344,14.648,-222.168,-146.484,50.781
1641437260.682,5.371,22.949,-322.266,-51.270,3.418
1641437260.686,24.414,22.949,-338.867,31.250,14.648
1641437260.690,1.465,18.555,-17.578,-35.156,79.102
1641437260.694,-19.531,10.742,-43.945,-124.512,90.820
1641437260.696,6.836,8.301,-161.621,-77.148,58.594
1641437260.700,45.898,10.254,-12.207,43.945,50.293
1641437260.704,38.086,12.207,114.258,33.203,74.707
1641437260.708,10.254,16.602,-7.324,-70.801,55.176
1641437260.712,24.414,21.973,-141.602,-60.547,34.668
1641437260.716,61.035,20.508,-99.609,40.039,34.180
1641437260.720,56.641,16.113,-23.438,57.129,39.551
1641437260.723,19.043,17.578,-75.195,-55.664,33.691
1641437260.727,23.438,14.648,-423.828,-94.727,-25.391
1641437260.731,62.988,11.719,-330.566,-4.395,-8.789
1641437260.735,70.801,13.184,268.555,42.969,23.926
1641437260.739,28.809,9.766,177.734,-64.941,-26.367
1641437260.740,9.766,8.301,-74.219,-150.391,-52.734
1641437260.744,36.133,12.695,92.773,-82.031,-23.926
1641437260.748,61.035,14.648,289.551,1.465,-17.090
1641437260.752,34.180,13.672,208.984,-41.016,-25.879
1641437260.756,6.836,12.207,-26.855,-114.746,-71.777
1641437260.760,30.273,9.766,-165.527,-52.734,-120.117
1641437260.764,58.105,9.766,-38.574,83.984,-36.621
1641437260.767,42.969,5.371,-11.230,102.539,-20.508
1641437260.771,5.371,4.883,-369.141,10.254,-106.934
1641437260.775,11.719,12.695,-150.879,28.320,-52.246
1641437260.779,50.293,14.648,229.004,147.949,-32.715
1641437260.783,45.410,13.184,238.281,176.758,-19.531
1641437260.786,5.371,14.648,133.301,69.824,-18.555
1641437260.790,3.418,14.648,58.594,31.738,-47.852
1641437260.794,34.668,10.254,174.316,140.137,-9.277
1641437260.798,49.805,15.137,223.145,207.031,15.137
1641437260.802,14.160,19.043,215.820,117.676,-21.484
1641437260.806,-12.695,15.625,60.547,38.574,-25.391
1641437260.810,15.625,15.137,31.250,103.516,6.836
1641437260.813,39.551,11.719,21.973,190.918,-22.949
1641437260.817,16.602,12.695,53.223,134.277,-26.367
1641437260.821,-10.742,11.719,266.113,13.184,-32.715
1641437260.825,11.230,11.230,216.797,27.344,-57.617
1641437260.829,48.828,17.090,144.531,124.512,-49.316
1641437260.831,37.598,16.113,243.164,128.418,-46.875
1641437260.835,2.441,12.695,183.105,20.996,-87.402
1641437260.839,3.418,5.371,-145.996,-1.953,-119.141
1641437260.843,43.457,6.836,-112.793,103.516,-76.660
1641437260.847,59.570,15.137,222.168,161.621,-16.602
1641437260.851,17.578,18.066,74.707,74.707,-13.672
1641437260.855,2.930,20.996,-387.695,17.090,-59.082
1641437260.858,43.457,22.461,-487.793,126.465,-60.547
1641437260.862,65.430,22.949,-35.645,213.379,10.254
1641437260.866,26.855,18.555,83.984,125.488,12.207
1641437260.870,-5.859,9.277,-219.238,39.551,-39.062
1641437260.874,20.020,8.301,-204.102,92.773,-6.836
1641437260.876,49.805,9.277,22.461,182.129,54.688
1641437260.880,29.785,5.859,5.371,136.719,91.309
1641437260.884,-2.441,7.812,-325.684,30.762,44.434
1641437260.888,11.230,13.184,-383.301,62.012,0.000
1641437260.892,49.805,17.578,-104.492,168.457,18.555
1641437260.896,42.969,19.043,-43.945,181.152,67.383
1641437260.900,-4.883,14.648,-466.797,58.105,37.598
1641437260.903,-3.418,12.207,-637.207,26.855,-33.691
1641437260.907,39.062,14.160,-139.160,136.719,-2.930
1641437260.911,41.992,16.602,79.102,175.293,30.273
1641437260.915,3.418,15.625,-74.707,62.500,-5.371
1641437260.919,-6.836,15.625,-175.293,-25.879,-33.203
1641437260.920,32.227,15.137,-88.379,54.199,-19.531
1641437260.924,50.781,10.742,-23.438,142.578,-5.859
1641437260.928,18.555,11.719,-43.945,59.570,30.273
1641437260.932,6.348,17.090,-99.121,-42.969,55.664
1641437260.936,38.574,25.391,-115.234,1.953,51.758
1641437260.940,66.895,24.902,-206.543,102.539,30.762
1641437260.944,50.293,18.066,-312.500,73.730,20.996
1641437260.947,17.090,20.508,-226.074,-52.246,89.844
1641437260.951,28.809,21.973,-119.141,-56.641,112.305
1641437260.955,65.430,21.484,-227.539,49.805,63.477
1641437260.959,64.453,25.879,-284.180,79.102,57.129
1641437260.963,23.926,22.461,-190.918,-14.160,17.090
1641437260.980,12.695,16.113,-240.723,-43.945,15.137
1641437260.984,44.434,17.090,-165.039,62.500,61.523
1641437260.988,51.758,18.066,30.273,121.582,90.820
1641437260.992,13.672,21.973,76.660,25.879,77.637
1641437260.996,-4.883,20.996,-108.887,-45.410,16.602
1641437261.000,22.461,18.555,-276.855,22.949,-3.906
1641437261.004,46.875,18.555,-73.242,107.910,36.621
1641437261.007,16.113,14.160,38.086,47.852,35.645
1641437261.011,-16.113,11.719,-203.125,-50.781,-27.832
1641437261.015,4.395,11.719,-546.875,-16.602,-55.176
1641437261.019,40.039,15.625,-364.258,88.379,7.812
1641437261.023,30.762,19.043,121.582,87.891,49.316
1641437261.026,-5.859,20.020,-97.656,-20.020,-0.488
1641437261.030,2.441,18.066,-265.625,-22.949,-4.883
1641437261.034,37.598,13.672,-3.418,72.266,65.918
1641437261.038,40.527,16.113,181.152,103.516,119.629
1641437261.042,1.953,18.555,-10.254,15.625,110.840
1641437261.046,-10.254,19.531,-378.906,-46.875,57.129
1641437261.050,27.344,22.461,-338.379,52.734,86.426
1641437261.053,49.316,23.438,48.340,145.508,112.305
1641437261.057,20.996,22.949,-101.074,58.594,52.246
1641437261.061,2.441,22.461,-521.973,-23.926,3.906
1641437261.065,30.273,25.879,-324.219,48.828,72.266
1641437261.069,60.547,22.949,-78.613,150.879,119.629
1641437261.070,37.598,16.602,-151.855,104.980,93.262
1641437261.074,-2.441,19.043,-275.391,-7.812,103.027
1641437261.078,12.695,22.949,-220.703,13.184,91.797
1641437261.082,41.992,19.043,-182.129,107.422,91.797
1641437261.086,24.902,17.578,-197.754,104.004,143.555
1641437261.090,-13.184,18.555,-487.793,-9.766,98.633
1641437261.094,0.977,21.973,-760.254,-15.625,44.922
1641437261.097,40.527,22.949,-604.004,96.191,112.793
1641437261.101,35.156,30.273,-717.773,119.629,122.559
1641437261.105,-12.207,27.344,-845.703,6.836,114.258
1641437261.109,-25.879,29.297,-750.977,-60.547,121.582
1641437261.113,6.348,33.691,-823.242,22.949,131.348
1641437261.116,16.113,29.297,-707.520,81.055,147.461
1641437261.120,-16.602,35.645,-758.789,-3.906,150.391
1641437261.124,-44.922,40.527,-973.633,-87.402,146.973
1641437261.128,-17.578,39.062,-984.863,-36.133,115.723
1641437261.132,8.301,36.133,-876.953,61.035,135.254
1641437261.136,-12.207,39.551,-872.070,28.320,147.949
1641437261.140,-42.969,44.434,-979.492,-78.125,115.234
1641437261.143,-17.578,53.711,-971.191,-46.387,143.555
1641437261.147,16.602,50.781,-962.402,53.223,148.926
1641437261.151,-1.465,49.805,-926.758,57.617,204.102
1641437261.155,-46.875,51.758,-955.078,-57.617,174.805
1641437261.159,-46.875,44.434,-974.609,-88.379,84.473
1641437261.160,-8.789,42.480,-966.797,24.414,111.816
1641437261.164,-7.324,49.805,-969.727,73.242,169.922
1641437261.168,-46.387,54.688,-969.238,-18.066,162.109
1641437261.172,-72.266,58.105,-969.238,-99.121,116.699
1641437261.176,-48.828,59.570,-969.727,-31.250,42.969
1641437261.180,-20.508,64.453,-970.703,72.266,39.551
1641437261.184,-45.410,66.406,-964.844,23.438,54.199
1641437261.187,-76.172,62.500,-969.238,-78.613,26.855
1641437261.191,-62.012,63.477,-961.426,-57.617,29.297
1641437261.195,-31.738,65.430,-737.793,33.691,113.281
1641437261.199,-38.086,62.988,-669.434,19.043,117.188
1641437261.203,-77.637,61.523,-857.910,-94.238,37.109
1641437261.205,-72.266,62.500,-806.152,-101.074,36.621
1641437261.209,-34.668,64.941,-617.676,-20.508,15.137
1641437261.213,-37.598,65.430,-593.750,-21.484,0.977
1641437261.217,-69.336,63.477,-687.012,-129.395,38.086
1641437261.221,-66.895,62.988,-757.324,-192.871,-33.691
1641437261.225,-28.809,58.594,-778.809,-114.746,-61.523
1641437261.229,-20.020,53.711,-770.508,-63.965,37.598
1641437261.232,-54.199,54.688,-967.773,-158.691,-6.836
1641437261.236,-66.406,51.758,-806.641,-228.516,-43.457
1641437261.240,-31.738,52.246,-452.148,-148.438,6.836
1641437261.244,-1.465,52.246,-378.906,-55.664,9.277
1641437261.248,-20.996,39.551,-366.699,-104.492,-1.465
1641437261.250,-47.852,32.227,-404.297,-188.477,37.598
1641437261.254,-30.762,31.250,-424.316,-154.297,63.477
1641437261.258,6.348,33.691,-322.266,-48.828,32.715
1641437261.262,8.789,30.273,-154.785,-43.945,29.785
1641437261.266,-21.484,29.297,-256.836,-163.574,19.531
1641437261.270,-10.254,21.484,-476.562,-156.250,-9.766
1641437261.274,32.227,9.277,-618.652,-22.949,-28.809
1641437261.277,35.156,13.672,-401.855,13.672,1.465
1641437261.281,0.000,14.648,-58.594,-86.914,37.109
1641437261.285,-8.789,8.789,-232.422,-128.906,-6.348
1641437261.289,28.809,8.301,-240.723,-22.949,-35.156
1641437261.293,48.340,7.812,108.887,56.641,40.039
1641437261.311,11.230,4.883,158.203,-25.391,77.148
1641437261.315,-10.254,0.977,-170.898,-106.934,19.531
1641437261.319,20.996,0.488,-235.840,-40.527,14.648
1641437261.323,52.246,-1.465,48.828,63.965,44.434
1641437261.327,30.762,-4.395,179.199,37.109,46.387
1641437261.331,-0.977,-7.812,-142.090,-59.082,20.508
1641437261.335,17.578,-9.766,-295.410,-22.949,32.715
1641437261.338,55.664,-7.324,168.945,98.145,65.430
1641437261.342,53.223,-16.602,360.352,107.422,62.500
1641437261.346,24.902,-17.578,22.949,-2.441,42.480
1641437261.350,33.203,-7.324,-56.152,-15.137,74.219
1641437261.354,69.824,-2.930,298.828,94.238,144.531
1641437261.355,78.613,-0.977,335.449,149.414,104.980
1641437261.359,48.828,-6.348,92.285,61.035,35.645
1641437261.363,42.969,-8.789,86.914,8.301,54.199
1641437261.367,77.148,-7.324,250.977,93.750,23.926
1641437261.371,102.539,-4.395,409.180,164.062,27.832
1641437261.375,78.125,-5.371,249.023,81.055,65.430
1641437261.379,49.805,-8.789,42.480,-17.090,85.449
1641437261.382,77.637,-11.230,252.441,31.250,84.961
1641437261.386,109.375,-8.301,519.531,132.812,83.008
1641437261.390,86.426,-1.465,212.402,101.562,30.762
1641437261.394,49.805,-8.301,-45.898,-12.207,-62.500
1641437261.398,65.430,-15.137,273.438,13.184,-55.176
1641437261.401,103.516,-7.324,538.086,137.695,44.922
1641437261.405,87.402,-1.953,718.262,160.156,110.840
1641437261.409,47.852,-3.906,647.949,44.922,31.250
1641437261.413,41.992,-4.395,467.773,14.160,-8.301
1641437261.417,64.453,-2.441,472.656,125.000,-41.016
1641437261.421,71.289,-3.418,619.141,182.129,-38.574
1641437261.425,33.203,-1.465,739.258,85.938,37.598
1641437261.428,18.555,2.441,833.008,6.348,28.320
1641437261.432,57.617,1.465,724.121,104.980,-30.273
1641437261.436,77.148,-2.930,630.859,219.727,-11.719
1641437261.440,45.410,-3.906,933.594,150.879,-0.977
1641437261.444,24.414,-5.371,917.480,44.434,1.953
1641437261.445,44.922,-5.371,826.660,61.523,29.297
1641437261.449,79.102,-9.277,927.246,147.949,50.781
1641437261.453,68.359,-12.207,-974.121,140.137,43.457
1641437261.457,33.203,-0.977,854.492,33.691,-3.906
1641437261.461,42.480,3.906,675.781,32.715,-4.395
1641437261.465,77.637,-0.488,787.109,140.625,14.160
1641437261.469,83.496,4.395,900.879,176.758,41.992
1641437261.472,43.945,7.324,788.086,74.219,31.738
1641437261.476,34.668,-0.977,390.625,36.621,-41.504
1641437261.480,77.637,-0.488,469.727,142.090,-21.484
1641437261.484,93.262,5.859,984.863,207.520,88.867
1641437261.488,55.664,3.906,952.637,125.488,62.988
1641437261.490,34.668,4.395,804.688,57.129,36.133
1641437261.494,63.477,4.395,942.871,132.812,95.215
1641437261.498,85.938,-2.930,-993.164,231.934,107.422
1641437261.502,53.711,-5.859,996.582,183.105,130.859
1641437261.506,19.043,-7.812,883.789,70.801,82.031
1641437261.510,40.039,-4.395,741.211,96.191,89.844
1641437261.514,70.801,2.930,926.758,189.941,141.113
1641437261.517,58.105,3.906,927.246,171.387,113.281
1641437261.521,19.531,-0.977,547.363,56.641,92.285
1641437261.525,23.438,-1.953,560.059,46.875,68.848
1641437261.529,57.617,-1.465,889.648,168.945,63.477
1641437261.533,61.523,-3.418,911.621,208.496,83.008
1641437261.536,27.832,1.953,824.707,85.938,104.004
1641437261.540,18.066,7.324,824.707,18.066,67.383
1641437261.544,50.781,7.324,835.449,98.145,70.801
1641437261.548,67.871,8.789,910.645,162.598,133.789
1641437261.552,41.992,5.859,852.051,82.031,119.141
1641437261.556,22.461,-5.859,498.535,-10.742,48.340
1641437261.560,46.875,-2.930,380.859,41.016,15.137
1641437261.563,77.148,10.254,613.281,142.578,61.523
1641437261.567,59.082,13.672,707.031,102.539,79.590
1641437261.571,21.484,16.602,633.789,-11.230,120.117
1641437261.575,33.691,14.160,515.137,7.812,106.934
1641437261.579,68.848,12.207,277.344,104.004,19.531
1641437261.581,64.941,18.555,446.289,104.492,-0.488
1641437261.585,31.738,17.578,620.117,-18.555,-22.949
1641437261.589,34.668,15.137,285.645,-62.500,-6.836
1641437261.593,74.219,18.555,240.234,51.270,28.320
1641437261.597,72.754,14.648,497.559,103.516,6.348
1641437261.601,29.785,11.719,377.930,3.418,-2.441
1641437261.605,19.531,15.137,23.926,-43.945,9.277
1641437261.608,45.410,11.230,-53.711,36.621,14.160
1641437261.612,63.477,8.301,423.828,108.887,56.152
1641437261.616,32.715,8.789,539.551,31.738,72.754
1641437261.620,7.324,9.277,235.840,-70.312,28.320
1641437261.624,34.180,8.301,187.500,-29.785,-15.137
1641437261.627,64.453,12.695,352.051,71.777,31.250
1641437261.631,42.969,14.160,383.789,58.105,45.898
1641437261.635,2.441,9.277,91.797,-58.105,-1.953
1641437261.639,15.137,9.766,-45.410,-57.617,-26.367
1641437261.643,52.246,12.207,175.781,65.918,-29.297
1641437261.647,47.363,12.207,227.539,85.449,-3.418
1641437261.651,9.766,11.719,-207.520,-48.828,10.254
1641437261.654,10.254,10.742,-383.301,-93.750,3.906
1641437261.658,49.805,14.160,95.703,19.531,19.531
1641437261.662,57.617,18.555,236.816,79.102,47.852
1641437261.666,16.113,14.160,63.965,-21.484,55.664
1641437261.670,-4.883,8.301,1.465,-83.496,40.527
1641437261.686,28.809,10.254,49.805,8.301,22.461
1641437261.690,60.547,16.113,57.129,108.887,19.043
1641437261.694,24.902,21.484,-0.977,40.039,-6.836
1641437261.698,-6.836,20.996,-78.613,-66.406,-8.789
1641437261.702,23.926,20.020,-56.152,-13.672,18.555
1641437261.706,56.641,16.113,-48.340,95.703,20.020
1641437261.710,33.691,15.137,-402.832,75.195,11.230
1641437261.713,-3.418,16.113,-434.082,-43.457,-3.906
1641437261.717,7.324,12.695,-168.457,-44.434,4.395
1641437261.721,42.480,13.184,-62.012,58.105,46.387
1641437261.725,45.410,16.602,-48.828,81.543,61.523
1641437261.729,10.742,13.184,-228.027,-23.926,2.441
1641437261.731,8.301,12.207,-382.812,-59.570,-23.438
1641437261.735,43.945,18.555,-461.426,41.992,6.348
1641437261.739,62.988,22.461,-586.914,107.422,6.836
1641437261.743,29.297,20.508,-489.258,30.762,-25.879
1641437261.747,5.371,17.578,-272.949,-36.133,-25.391
1641437261.751,36.621,17.578,-250.488,41.504,8.301
1641437261.755,61.523,18.555,-163.574,142.578,20.020
1641437261.758,29.785,15.625,-48.340,83.008,52.734
1641437261.762,-5.371,12.207,-276.367,-36.621,31.738
1641437261.766,14.648,12.695,-661.133,-5.859,-9.277
1641437261.770,47.363,13.672,-521.484,92.285,20.020
1641437261.774,28.809,16.602,-2.441,76.660,57.617
1641437261.776,-13.184,13.672,-28.809,-41.992,107.422
1641437261.780,-1.953,8.789,-211.426,-50.781,79.102
1641437261.784,37.109,10.254,-43.457,42.969,50.293
1641437261.788,44.434,13.672,108.887,71.777,48.340
1641437261.792,10.254,17.090,-60.547,-32.227,29.785
1641437261.796,3.906,19.531,-360.840,-100.098,2.441
1641437261.800,47.363,17.578,-343.750,-2.930,-21.973
1641437261.803,69.336,16.113,20.996,90.820,21.973
1641437261.807,39.551,19.043,-136.230,13.184,-5.371
1641437261.811,18.555,17.578,-589.844,-71.777,-60.547
1641437261.815,47.852,16.602,-343.262,-15.625,0.488
1641437261.819,78.613,20.508,-99.121,78.613,84.473
1641437261.820,57.617,19.531,-191.895,44.922,44.922
1641437261.824,19.531,12.207,-315.430,-60.059,-10.254
1641437261.828,27.344,8.789,-326.172,-34.180,2.930
1641437261.832,60.547,14.648,-202.148,89.844,32.715
1641437261.836,54.688,19.043,-170.410,107.910,47.852
1641437261.840,14.160,17.090,-436.523,-5.371,-7.324
1641437261.844,17.090,17.578,-544.434,-31.250,-33.203
1641437261.847,51.758,20.508,-345.215,73.242,5.371
1641437261.851,55.176,18.066,-391.602,122.559,33.691
1641437261.855,15.137,18.555,-383.789,24.902,43.945
1641437261.859,-1.953,21.484,-239.746,-47.852,25.879
1641437261.863,32.227,21.973,-347.168,8.301,-22.949
1641437261.866,52.246,18.555,-210.938,95.215,8.789
1641437261.870,21.484,16.602,-173.828,45.898,53.711
1641437261.874,-0.488,14.160,-379.395,-55.664,-1.465
1641437261.878,23.926,15.625,-492.188,-16.113,-52.246
1641437261.882,51.270,20.020,-463.379,76.660,-64.453
1641437261.886,32.715,22.949,-331.055,42.969,-46.875
1641437261.890,0.977,25.391,-427.734,-59.570,-48.340
1641437261.893,14.648,22.949,-643.555,-32.715,-93.750
1641437261.897,52.734,23.438,-670.898,90.820,-83.984
1641437261.901,57.617,25.391,-282.715,108.398,-16.602
1641437261.905,18.555,21.484,-176.270,8.789,4.883
1641437261.909,17.090,18.066,-395.996,-18.555,-54.688
1641437261.910,50.781,19.043,-316.406,75.195,-32.715
1641437261.914,57.129,18.066,-73.242,138.672,46.387
1641437261.918,28.809,14.648,-177.246,51.270,12.207
1641437261.922,14.648,19.531,-428.711,-19.043,-57.129
1641437261.926,42.969,20.508,-475.586,48.828,-44.922
1641437261.930,61.035,16.602,-394.043,112.793,-23.926
1641437261.934,36.621,18.066,-344.727,37.109,-59.570
1641437261.937,17.578,17.090,-705.566,-84.961,-78.613
1641437261.941,37.598,18.066,-926.270,-56.152,-100.098
1641437261.945,68.359,19.043,-408.203,80.566,-68.359
1641437261.949,56.152,21.484,-169.922,97.168,1.953
1641437261.953,15.625,26.367,-401.855,-1.465,0.488
1641437261.956,21.484,24.414,-422.852,4.883,-39.551
1641437261.960,56.152,18.066,-140.625,113.770,10.254
1641437261.964,49.316,8.301,-102.539,130.371,29.785
1641437261.968,-0.977,7.324,-294.922,21.973,16.602
1641437261.972,-6.836,12.207,-296.387,-2.930,35.645
1641437261.976,33.203,15.625,-258.301,88.867,16.602
1641437261.980,46.387,22.949,-265.625,142.578,-1.953
1641437261.983,8.789,20.996,-578.125,41.504,-27.344
1641437261.987,-4.395,17.090,-557.617,-41.016,-26.367
1641437261.991,31.250,18.066,-216.309,35.645,8.789
1641437261.995,55.176,18.555,-59.082,136.230,27.344
1641437261.999,26.855,16.602,-4.883,93.750,46.387
1641437262.000,-1.953,18.555,-84.473,-19.043,76.172
1641437262.004,20.508,21.484,-96.680,12.207,92.773
1641437262.008,51.270,16.602,-22.949,128.906,32.715
1641437262.012,38.574,12.695,80.078,130.371,-4.395
1641437262.016,2.930,17.578,55.664,18.555,-3.906
1641437262.020,2.441,18.555,-87.402,1.465,-8.789
1641437262.024,39.551,20.508,-284.668,101.074,-26.855
1641437262.027,51.758,25.879,-121.582,128.906,-7.324
1641437262.031,7.324,28.320,118.164,22.949,-0.977
1641437262.035,1.953,28.320,-31.250,-20.996,-28.320
1641437262.039,41.016,21.973,-18.555,65.430,19.531
1641437262.043,49.316,14.160,184.082,139.648,54.199
1641437262.060,15.137,14.160,315.918,58.594,60.547
1641437262.064,-8.301,13.184,7.324,-43.945,-17.578
1641437262.068,22.461,16.113,-254.883,-0.977,-55.664
1641437262.072,57.129,16.602,55.176,105.957,-6.836
1641437262.076,39.551,12.207,206.055,87.891,26.367
1641437262.080,5.371,11.230,-161.621,-21.973,2.930
1641437262.084,16.602,13.184,-357.910,-19.531,-53.223
1641437262.087,51.758,20.508,82.520,69.824,-34.668
1641437262.091,45.898,20.996,398.438,87.402,-9.766
1641437262.095,5.371,17.578,92.773,-4.883,-66.895
1641437262.099,3.906,17.578,-48.828,-29.297,-81.055
1641437262.103,45.410,25.879,287.598,65.430,-8.789
1641437262.105,55.176,29.785,297.852,103.516,-33.203
1641437262.109,15.137,26.367,-9.277,0.488,-104.004
1641437262.113,2.441,21.484,-62.988,-67.871,-84.473
1641437262.117,31.250,22.949,103.516,1.953,-38.574
1641437262.121,47.363,20.020,286.133,78.613,8.301
1641437262.125,17.090,10.742,149.414,14.160,-12.207
1641437262.129,-5.859,11.719,-162.598,-75.684,-56.641
1641437262.132,22.949,17.090,-56.641,-39.062,-61.035
1641437262.136,53.223,18.555,181.152,61.035,-32.227
1641437262.140,35.156,17.090,-107.422,36.621,-10.742
1641437262.144,5.859,24.902,-312.012,-92.285,-34.668
1641437262.148,16.113,23.438,-106.445,-86.914,-40.527
1641437262.151,48.340,18.066,-2.930,45.410,-22.949
1641437262.155,41.504,14.648,45.410,67.871,-30.273
1641437262.159,8.789,12.695,-29.785,-68.848,-65.918
1641437262.163,9.277,19.043,-232.910,-101.562,-72.754
1641437262.167,42.969,12.207,-327.637,23.926,-63.477
1641437262.171,55.176,9.766,-269.043,99.609,-64.453
1641437262.175,20.020,18.066,-247.559,22.461,-58.105
1641437262.178,0.000,20.020,-150.879,-38.574,-71.777
1641437262.182,31.738,19.531,-221.680,26.855,-126.953
1641437262.186,61.523,16.602,-297.363,126.465,-137.695
1641437262.190,39.551,15.137,5.859,78.613,-76.660
1641437262.194,12.207,11.719,17.578,-26.855,-53.711
1641437262.195,31.738,12.695,-89.355,11.719,-61.035
1641437262.199,60.547,19.531,23.926,119.629,-48.828
1641437262.203,49.316,20.996,188.477,128.418,-22.949
1641437262.207,13.672,20.508,27.344,24.414,-43.457
1641437262.211,18.066,20.508,-213.379,18.066,-78.125
1641437262.215,56.641,17.578,-159.668,123.535,-49.805
1641437262.219,53.223,19.043,-28.320,133.789,-21.973
1641437262.222,6.836,19.043,-139.648,27.344,-29.785
1641437262.226,0.488,18.555,-548.340,-28.809,-81.055
1641437262.230,37.109,24.414,-472.656,51.270,-52.734
1641437262.234,50.781,26.855,77.637,120.605,7.324
1641437262.238,19.043,24.414,-27.344,47.363,7.324
1641437262.240,-3.906,20.020,-252.441,-40.527,0.488
1641437262.244,25.391,18.066,-163.086,24.414,-45.410
1641437262.248,56.152,17.090,90.820,132.812,-17.578
1641437262.252,31.738,17.090,31.738,76.660,-2.441
1641437262.256,5.371,11.719,-215.332,-34.180,-32.227
1641437262.260,24.902,8.789,-282.715,-22.949,-33.203
1641437262.264,56.641,18.066,-166.016,60.059,24.414
1641437262.267,41.992,15.625,-117.188,56.152,39.062
1641437262.271,2.930,12.695,-441.406,-55.664,-46.875
1641437262.275,11.230,19.531,-388.672,-74.707,-67.871
1641437262.279,42.969,19.043,-51.758,30.762,-34.180
1641437262.283,45.410,15.625,-24.902,96.191,-10.742
1641437262.286,14.160,20.020,-130.371,2.441,22.949
1641437262.290,8.789,20.996,-90.332,-79.590,47.363
1641437262.294,44.434,22.461,-90.332,4.883,31.738
1641437262.298,66.895,17.090,-38.574,100.586,-4.883
1641437262.302,29.785,6.836,-30.273,7.812,3.418
1641437262.306,-0.488,8.789,-231.934,-96.191,-2.930
1641437262.310,32.227,14.160,-350.098,-48.340,-5.371
1641437262.313,66.406,19.531,-449.707,63.965,27.344
1641437262.317,54.688,24.414,-334.473,76.660,30.762
1641437262.321,17.578,21.973,-168.457,-37.598,20.020
1641437262.325,3.418,12.207,-323.242,-47.363,5.859
1641437262.329,38.574,13.184,-365.234,61.523,47.852
1641437262.331,50.293,15.137,-404.297,93.750,81.543
1641437262.335,11.230,15.137,-472.656,-0.977,43.945
1641437262.339,1.953,12.695,-698.730,-24.902,-7.324
1641437262.343,27.344,7.812,-795.898,89.844,1.465
1641437262.347,41.016,3.906,-472.656,131.836,54.199
1641437262.351,17.090,5.371,-572.754,32.715,57.617
1641437262.355,9.277,16.113,-899.414,-5.371,7.324
1641437262.358,46.387,20.508,-906.250,84.961,-17.090
1641437262.362,61.035,14.648,-446.777,173.340,30.762
1641437262.366,30.273,15.625,-178.711,109.375,48.340
1641437262.370,11.230,16.602,-481.445,10.254,-35.645
1641437262.374,31.738,18.066,-506.836,55.176,-38.086
1641437262.390,58.594,23.926,-176.758,156.250,4.883
1641437262.394,39.551,20.020,-97.656,124.023,12.207
1641437262.398,9.766,21.484,-361.328,6.348,-27.832
1641437262.402,14.648,21.484,-407.227,11.230,-59.082
1641437262.406,45.898,20.508,-104.492,132.324,-20.508
1641437262.410,54.199,25.879,9.277,167.969,-16.602
1641437262.414,16.602,23.438,-385.742,49.316,-80.078
1641437262.417,13.672,13.184,-578.125,0.488,-125.977
1641437262.421,56.641,10.254,-54.688,108.398,-41.016
1641437262.425,61.035,9.766,147.949,170.898,-38.574
1641437262.429,22.461,15.625,10.254,76.660,-67.871
1641437262.433,13.184,19.531,-86.914,-6.836,-38.086
1641437262.421,46.875,19.531,-9.766,60.059,-11.230
1641437262.425,68.359,20.996,22.949,145.508,-11.230
1641437262.429,41.016,17.090,-91.797,82.520,-2.441
1641437262.433,10.742,13.184,-160.645,-18.066,-8.789
1641437262.437,27.832,13.672,-145.020,10.742,-21.973
1641437262.441,54.199,12.207,-184.570,109.863,-28.809
1641437262.445,41.016,16.113,-237.793,126.465,-33.203
1641437262.448,4.883,20.020,-284.668,32.227,-40.527
1641437262.452,2.441,11.230,-200.684,25.391,-28.320
1641437262.456,38.086,9.277,-138.184,135.742,26.367
1641437262.460,36.133,12.695,-307.617,178.711,22.461
1641437262.464,-8.789,13.672,-150.879,71.777,6.348
1641437262.468,-8.789,20.996,-46.875,7.812,24.414
1641437262.472,30.273,24.902,-45.898,90.332,27.344
1641437262.476,47.363,19.043,119.141,136.719,48.340
1641437262.480,14.648,15.137,174.316,53.711,63.477
1641437262.484,-5.859,17.578,-18.066,-22.461,7.324
1641437262.488,20.020,19.531,-184.082,29.297,11.230
1641437262.492,50.781,13.672,-29.785,126.465,81.543
1641437262.495,32.715,12.695,170.898,93.262,94.727
1641437262.499,1.465,10.742,-100.586,-1.465,20.996
1641437262.503,19.531,7.812,-242.188,22.461,23.926
1641437262.507,53.223,11.719,72.266,110.840,76.172
1641437262.511,48.828,16.602,203.125,111.328,27.344
1641437262.540,9.766,20.020,-67.871,-13.672,-18.555
1641437262.544,10.254,18.555,-276.855,-44.922,-52.734
1641437262.548,46.387,20.996,-41.504,75.195,-39.062
1641437262.552,56.152,23.926,178.711,123.047,47.852
1641437262.556,18.555,20.508,-34.668,22.949,66.895
1641437262.560,9.766,23.438,-601.562,-30.762,9.277
1641437262.564,63.477,31.738,-546.387,66.895,22.461
1641437262.567,104.980,30.762,-4.883,186.035,108.887
1641437262.571,49.316,18.555,-77.148,94.238,109.375
1641437262.575,-10.254,9.766,-359.863,-44.434,46.387
1641437262.579,20.996,7.324,-321.289,23.438,36.621
1641437262.583,55.664,5.859,-303.711,141.602,78.125
1641437262.570,29.785,-2.930,-534.180,113.281,88.867
1641437262.574,-4.883,-7.324,-750.000,-8.789,20.508
1641437262.578,15.137,0.977,-697.754,-0.488,-11.719
1641437262.582,57.617,6.348,-558.594,100.586,28.809
1641437262.586,53.223,4.395,-522.461,106.934,74.219
1641437262.590,16.113,0.977,-770.508,-4.883,61.523
1641437262.594,17.578,1.465,-873.535,-26.855,14.648
1641437262.597,66.406,7.324,-651.367,101.074,21.973
1641437262.601,85.449,10.254,-506.348,146.484,40.527
1641437262.605,41.504,8.301,-440.430,28.809,43.457
1641437262.609,26.855,7.812,-451.660,-28.809,28.809
1641437262.613,62.500,8.301,-489.258,73.242,-2.441
1641437262.616,81.543,6.348,-562.500,172.852,19.043
1641437262.620,52.246,5.859,-466.309,109.863,63.477
1641437262.624,23.438,3.906,-311.035,9.277,77.148
1641437262.628,43.457,-1.465,-325.684,53.711,66.895
1641437262.632,74.707,1.465,-303.711,144.531,48.340
1641437262.636,58.594,10.742,-202.148,111.816,43.945
1641437262.640,22.461,17.090,-317.871,-16.113,11.719
1641437262.643,25.879,17.090,-470.703,-21.973,-18.555
1641437262.647,59.570,11.719,-438.477,89.355,13.672
1641437262.651,57.129,8.301,-60.547,112.305,64.453
1641437262.655,13.184,9.766,-23.926,-5.371,55.176
1641437262.659,9.277,11.230,-236.816,-52.734,31.250
1641437262.660,40.527,6.836,-148.438,47.852,18.066
1641437262.664,49.805,9.766,105.957,108.887,18.555
1641437262.668,18.066,16.602,79.590,63.477,15.625
1641437262.672,-1.465,14.648,-188.965,0.000,-31.250
1641437262.676,29.297,15.625,-201.172,46.875,-50.781
1641437262.680,60.547,13.184,-113.281,154.297,8.789
1641437262.684,34.180,16.113,-38.086,119.141,60.547
1641437262.687,-7.812,16.113,-448.242,2.441,-28.809
1641437262.691,11.719,13.672,-605.469,20.508,-55.176
1641437262.695,56.641,20.508,-5.371,138.184,48.828
1641437262.699,41.016,17.090,85.449,128.418,55.176
1641437262.703,2.441,12.695,-162.109,5.371,58.105
1641437262.705,10.254,10.742,-137.207,-7.324,70.801
1641437262.709,52.246,7.812,26.855,91.797,69.336
1641437262.713,61.523,9.766,92.285,117.188,104.980
1641437262.717,18.066,12.695,-41.992,8.789,93.750
1641437262.721,12.207,11.230,-123.535,-47.363,79.590
1641437262.725,48.340,4.395,-109.863,43.945,141.602
1641437262.729,58.594,5.371,-134.277,115.234,120.605
1641437262.732,24.902,10.742,-392.090,34.668,66.895
1641437262.736,0.977,13.672,-369.629,-53.223,100.098
1641437262.740,25.391,16.602,-50.781,4.883,81.543
1641437262.744,53.711,20.020,96.191,110.840,75.684
1641437262.748,32.715,23.438,102.051,74.707,103.027
1641437262.751,-5.859,19.531,-65.918,-31.250,69.824
1641437262.755,5.371,15.625,-149.414,0.488,70.801
1641437262.759,41.992,17.578,-29.297,107.422,132.812
1641437262.763,35.645,15.137,80.078,106.445,119.629
1641437262.767,-1.953,14.648,-79.590,-17.578,49.805
1641437262.771,2.930,19.531,-357.910,-36.621,34.668
1641437262.775,47.852,19.043,-528.320,91.797,60.547
1641437262.778,54.688,16.113,-331.055,144.531,116.211
1641437262.782,16.113,20.020,-80.078,36.133,150.391
1641437262.786,13.672,24.902,-246.582,-35.156,110.840
1641437262.790,46.875,24.902,-316.895,50.781,69.824
1641437262.794,62.012,23.926,-73.730,133.301,85.449
1641437262.825,33.691,23.438,74.707,61.523,103.516
1641437262.829,11.719,25.391,-257.812,-26.367,51.270
1641437262.833,38.086,30.273,-425.293,22.461,49.316
1641437262.837,70.801,32.715,-50.781,127.930,93.750
1641437262.841,57.129,30.273,114.746,122.070,88.867
1641437262.845,15.625,17.578,-354.492,2.441,22.949
1641437262.849,10.254,9.277,-682.617,-13.184,-33.203
1641437262.852,42.480,4.395,-228.516,89.844,2.441
1641437262.856,38.574,6.836,71.289,99.609,22.949
1641437262.860,-0.977,15.625,-140.625,-15.625,-15.625
1641437262.864,-5.859,18.066,-292.480,-51.758,-8.301
1641437262.868,27.344,20.996,-81.543,54.688,58.105
1641437262.855,36.621,22.461,90.820,104.980,70.801
1641437262.859,-3.906,13.184,-102.539,1.953,2.441
1641437262.863,-22.949,8.789,-236.328,-68.848,-6.836
1641437262.867,8.301,11.719,-60.547,16.602,73.730
1641437262.871,33.691,12.695,126.465,110.840,80.078
1641437262.875,9.277,14.160,-48.340,47.363,10.742
1641437262.879,-19.043,18.066,-368.164,-54.199,-1.953
1641437262.882,6.348,11.230,-268.066,-10.254,42.969
1641437262.886,42.480,4.395,31.250,101.562,83.496
1641437262.890,32.227,8.301,-140.625,86.914,89.844
1641437262.894,4.395,15.625,-296.875,-37.109,75.684
1641437262.898,20.508,22.949,-133.301,-40.527,62.012
1641437262.901,59.570,23.438,-7.812,77.637,111.328
1641437262.905,62.500,21.973,-161.621,105.957,97.168
1641437262.909,27.832,27.832,-127.441,-3.906,62.500
1641437262.913,24.414,29.785,-33.203,-38.086,44.434
1641437262.917,59.082,20.508,-206.543,61.035,68.848
1641437262.921,72.754,17.090,-136.230,120.605,75.684
1641437262.925,33.203,17.578,-38.086,28.320,37.598
1641437262.928,8.789,15.625,-17.578,-58.105,47.363
1641437262.932,35.156,14.160,-94.727,4.395,28.809
1641437262.936,54.199,13.672,-80.078,101.562,20.020
1641437262.940,21.484,18.066,240.723,57.129,70.801
1641437262.944,-19.043,18.555,205.078,-53.223,43.945
1641437262.945,-7.324,15.625,23.926,-36.133,-11.230
1641437262.949,25.879,16.602,171.875,67.871,-9.766
1641437262.953,18.555,13.672,400.391,80.566,14.648
1641437262.957,-18.555,9.277,304.688,-27.344,31.250
1641437262.961,-15.137,7.324,145.508,-40.039,65.918
1641437262.965,24.414,13.184,172.363,74.219,62.012
1641437262.969,34.180,17.090,234.375,113.770,65.918
1641437262.972,2.930,14.648,154.297,9.766,39.062
1641437262.976,-0.977,14.160,-279.785,-52.734,-60.547
1641437262.980,43.457,16.113,-297.852,35.156,-59.082
1641437262.984,71.289,20.020,293.945,109.375,48.828
1641437262.988,42.480,22.461,220.703,17.578,57.129
1641437262.990,24.414,26.855,-84.473,-73.730,14.160
1641437262.994,56.152,30.762,-9.277,-16.113,34.180
1641437262.998,81.055,25.879,167.969,85.449,71.289
1641437263.002,54.688,19.043,93.262,51.758,87.402
1641437263.006,19.531,19.531,-89.844,-56.641,96.680
1641437263.010,41.504,23.438,-174.805,-33.691,59.570
1641437263.014,73.242,23.926,-64.941,85.938,39.551
1641437263.017,59.082,20.508,-41.992,109.375,27.832
1641437263.021,18.555,19.531,-318.848,-10.254,0.977
1641437263.025,20.508,22.461,-212.402,-38.086,-2.441
1641437263.029,52.734,19.043,11.719,75.195,10.254
1641437263.033,58.594,16.602,59.082,122.559,25.879
1641437263.036,12.695,15.625,70.312,29.297,54.199
1641437263.040,-11.230,11.719,114.258,-45.410,42.480
1641437263.044,16.113,7.812,107.910,24.414,50.781
1641437263.048,27.832,4.883,172.363,112.305,73.242
1641437263.052,-5.859,6.836,231.934,45.410,109.863
1641437263.056,-42.480,5.371,7.324,-46.875,96.680
1641437263.060,-29.785,1.953,-131.836,3.418,73.242
1641437263.063,-1.465,0.977,-124.023,113.770,80.078
1641437263.067,-15.625,0.977,-68.848,99.609,49.316
1641437263.071,-41.504,0.000,70.801,-7.812,16.602
1641437263.075,-27.344,-1.953,-32.227,0.977,7.324
1641437263.079,15.137,5.859,13.184,100.586,15.137
1641437263.082,30.273,18.066,165.527,123.535,41.992
1641437263.086,2.930,24.414,101.562,23.438,39.551
1641437263.090,-0.977,23.926,-90.820,-27.344,56.152
1641437263.094,37.109,20.996,-98.633,64.941,84.473
1641437263.098,56.152,21.484,146.484,114.258,100.586
1641437263.102,23.926,21.973,5.859,12.207,103.516
1641437263.106,10.254,20.508,-315.918,-52.734,109.375
1641437263.109,48.340,22.461,-388.672,17.090,88.379
1641437263.113,73.730,28.320,58.105,101.562,106.934
1641437263.117,45.410,29.785,205.078,40.039,112.793
1641437263.121,25.879,22.461,-128.418,-49.805,93.262
1641437263.125,48.828,17.090,-148.926,-4.395,99.121
1641437263.126,74.219,23.438,170.410,99.609,131.348
1641437263.130,61.035,25.391,346.680,98.145,146.973
1641437263.134,20.996,21.973,49.316,-27.832,95.215
1641437263.138,16.602,19.531,-135.254,-42.480,64.941
1641437263.142,49.316,23.438,139.648,70.801,72.754
1641437263.146,48.828,25.391,202.148,92.773,103.027
1641437263.150,2.441,20.508,-300.781,-26.855,65.430
1641437263.153,-11.230,16.602,-518.555,-76.172,12.207
1641437263.157,23.926,16.602,-8.789,30.762,28.809
1641437263.161,33.691,15.625,205.078,113.281,52.734
1641437263.165,-3.906,13.672,77.637,36.621,42.480
1641437263.169,-26.367,11.230,-2.930,-40.039,23.438
1641437263.186,2.441,12.207,73.242,37.598,66.895
1641437263.190,25.391,11.719,119.629,138.184,83.496
1641437263.194,2.930,15.137,51.758,97.656,42.969
1641437263.198,-23.438,19.043,-17.090,-6.348,35.156
1641437263.202,-4.395,17.578,-34.180,11.719,59.082
1641437263.206,32.227,12.695,-88.379,118.164,74.707
1641437263.210,18.066,12.207,-233.887,119.629,61.035
1641437263.213,-17.090,17.090,-182.617,15.137,37.109
1641437263.217,-7.324,20.508,1.953,8.789,67.871
1641437263.221,31.250,21.484,-57.129,109.375,48.828
1641437263.225,46.387,18.066,-87.891,141.602,49.805
1641437263.229,32.227,11.719,85.449,48.340,23.926
1641437263.246,17.578,13.184,6.348,-10.742,2.930
1641437263.250,37.109,19.531,-22.949,63.965,19.043
1641437263.254,61.523,26.367,143.066,136.719,12.207
1641437263.258,24.414,26.855,257.812,54.199,25.879
1641437263.262,-2.441,22.949,140.625,-40.039,27.832
1641437263.266,23.926,19.531,35.156,20.508,22.461
1641437263.270,49.805,18.066,202.637,120.605,88.867
1641437263.273,27.832,13.672,414.062,83.984,110.352
1641437263.277,-13.184,11.230,198.730,-32.227,35.156
1641437263.281,7.812,10.742,-226.074,-13.672,13.184
1641437263.285,52.246,13.184,-52.246,99.121,72.754
1641437263.289,52.246,17.090,357.910,110.840,61.035
1641437263.276,21.973,12.207,180.664,1.953,4.395
1641437263.280,23.438,12.207,-19.043,-31.738,-0.488
1641437263.284,58.105,17.090,179.199,78.613,5.371
1641437263.288,65.430,17.090,331.543,133.301,4.395
1641437263.292,20.020,15.137,119.629,36.621,12.207
1641437263.296,3.418,17.090,-180.664,-43.945,-15.137
1641437263.300,34.180,17.090,-175.293,22.461,-30.273
1641437263.303,46.875,16.113,75.195,109.863,47.852
1641437263.307,12.207,15.625,29.785,34.668,44.922
1641437263.311,-12.207,18.066,-151.855,-62.012,10.254
1641437263.315,12.695,17.578,-22.461,-24.902,48.340
1641437263.319,43.945,13.672,108.887,74.219,76.660
1641437263.381,29.785,10.742,-55.176,69.336,61.523
1641437263.385,-9.766,12.207,-460.938,-44.922,20.020
1641437263.389,5.859,17.090,-268.555,-34.180,28.809
1641437263.393,49.805,18.555,101.074,77.148,74.219
1641437263.397,46.875,20.996,175.293,101.074,124.023
1641437263.401,8.301,21.484,-76.172,-4.883,93.750
1641437263.405,0.000,20.508,-271.973,-50.781,57.617
1641437263.408,37.598,18.066,-36.621,56.152,54.688
1641437263.412,49.805,18.555,-121.094,118.652,63.965
1641437263.416,13.672,21.973,-214.844,26.367,40.039
1641437263.420,1.953,20.020,-36.621,-31.738,17.578
1641437263.424,37.109,13.184,-33.203,46.387,38.086
1641437263.399,61.523,17.578,69.824,126.953,50.781
1641437263.403,41.992,26.367,176.270,71.289,87.402
1641437263.407,13.184,25.391,1.953,-16.113,90.820
1641437263.411,25.391,22.461,-195.312,27.832,59.082
1641437263.415,59.570,19.043,-84.473,125.488,109.863
1641437263.419,47.363,17.578,69.824,112.305,148.438
1641437263.423,2.930,12.695,-55.176,-15.137,148.438
1641437263.426,2.930,11.230,-183.105,-30.762,139.160
1641437263.430,40.039,16.113,-42.969,74.707,109.375
1641437263.434,41.016,17.090,206.055,99.121,100.586
1641437263.438,-0.977,12.695,122.070,-23.438,75.195
1641437263.442,-4.883,7.324,-145.996,-103.516,67.871
1641437263.412,25.391,7.812,-150.879,-30.273,46.387
1641437263.416,33.203,12.207,135.742,28.809,55.176
1641437263.420,-4.883,14.648,94.238,-73.730,55.176
1641437263.424,-33.691,11.719,-160.156,-162.109,18.066
1641437263.428,-1.465,10.742,-189.941,-96.191,31.250
1641437263.432,35.156,13.184,-18.555,0.977,109.375
1641437263.436,16.602,13.672,-12.695,-41.016,83.008
1641437263.439,-13.184,10.742,-220.703,-146.484,27.832
1641437263.443,10.742,12.207,-260.254,-115.723,27.832
1641437263.447,47.363,14.648,-55.664,-11.719,38.574
1641437263.451,41.016,12.207,28.809,-2.441,40.527
1641437263.455,10.254,8.301,-188.477,-104.004,-7.324
1641437263.470,14.648,14.648,-265.625,-124.023,-34.180
1641437263.474,52.734,26.367,-57.129,-15.625,30.762
1641437263.478,62.500,24.414,53.223,22.949,64.453
1641437263.482,28.809,20.020,-345.703,-81.543,29.785
1641437263.486,22.949,18.555,-600.098,-137.695,-1.465
1641437263.490,57.129,16.602,-236.328,-44.922,13.184
1641437263.494,69.824,20.020,34.180,47.363,76.660
1641437263.497,32.715,19.043,-294.434,-9.766,28.320
1641437263.501,4.395,18.066,-473.633,-87.891,-52.246
1641437263.505,26.855,22.949,-40.527,-15.137,-44.434
1641437263.509,55.176,24.902,210.449,100.098,1.953
1641437263.513,32.227,14.648,163.086,85.449,-21.484
1641437263.500,-4.883,5.859,88.379,-14.648,-46.387
1641437263.504,3.906,7.812,30.273,5.371,-11.230
1641437263.508,35.645,12.207,156.250,129.395,50.781
1641437263.512,31.738,15.625,273.926,156.250,111.816
1641437263.516,-8.301,13.184,224.121,61.035,102.051
1641437263.520,-5.371,13.672,-53.711,29.785,27.344
1641437263.524,28.809,16.602,-99.609,128.906,22.949
1641437263.527,34.668,14.648,208.008,185.547,88.867
1641437263.531,0.488,11.719,146.484,86.914,72.266
1641437263.535,-10.254,12.207,-57.129,12.207,25.879
1641437263.539,18.555,11.719,-335.938,87.891,5.859
1641437263.543,45.410,9.277,-258.301,167.969,8.301
1641437263.576,21.973,10.742,191.406,93.262,83.984
1641437263.580,-6.348,14.648,41.992,14.160,83.984
1641437263.584,20.996,15.137,-81.055,69.824,64.941
1641437263.588,53.223,18.066,206.055,150.391,70.312
1641437263.592,36.621,19.531,338.867,127.930,81.055
1641437263.596,-3.418,14.648,35.156,22.949,80.078
1641437263.600,1.465,12.695,-250.488,20.508,-16.113
1641437263.603,42.969,13.184,96.680,111.816,-14.648
1641437263.607,44.922,14.160,434.082,143.066,86.914
1641437263.611,18.066,18.066,208.008,60.547,48.828
1641437263.615,8.301,16.602,80.078,9.766,29.297
1641437263.619,26.367,8.789,286.133,86.426,75.195
1641437263.605,41.992,1.465,406.738,134.766,87.402
1641437263.609,12.207,3.906,221.680,54.688,51.758
1641437263.613,-4.883,8.789,76.660,-6.348,39.551
1641437263.617,27.832,10.254,237.793,49.805,66.406
1641437263.621,52.246,15.137,417.969,132.812,86.426
1641437263.625,24.414,16.602,280.273,61.035,75.684
1641437263.629,1.465,14.648,-10.742,-66.406,41.992
1641437263.632,23.438,12.695,23.926,-48.340,6.348
1641437263.636,52.246,9.766,145.996,49.805,52.734
1641437263.640,39.551,10.254,120.605,41.992,105.957
1641437263.644,6.836,6.836,6.348,-74.219,41.016
1641437263.648,14.160,3.418,-120.117,-83.008,14.648
1641437263.650,49.805,11.719,-45.898,8.301,84.961
1641437263.654,55.176,15.137,-220.215,22.949,79.102
1641437263.658,18.066,12.207,-248.047,-65.918,68.359
1641437263.662,14.160,16.113,-113.770,-93.750,93.750
1641437263.666,48.340,12.207,-323.242,6.348,29.297
1641437263.670,57.129,9.277,-317.871,77.148,12.695
1641437263.674,22.461,13.672,-219.727,-1.953,20.996
1641437263.677,4.395,13.672,-211.426,-74.219,20.996
1641437263.681,27.344,7.812,-340.332,-27.344,32.227
1641437263.685,52.246,5.371,-395.020,57.129,54.199
1641437263.689,35.645,14.648,-52.246,26.855,101.562
1641437263.693,3.418,23.438,-85.449,-83.008,84.961
1641437263.695,18.066,25.879,-207.520,-69.824,67.383
1641437263.699,50.781,22.949,-62.500,19.043,90.820
1641437263.703,42.969,19.531,15.625,17.090,128.418
1641437263.707,2.441,20.020,-118.164,-73.730,91.309
1641437263.711,3.906,18.555,-285.156,-66.406,60.547
1641437263.715,40.039,17.090,-264.648,65.430,114.258
1641437263.719,42.969,22.461,-194.336,132.812,136.719
1641437263.722,7.324,16.602,-224.121,66.406,118.164
1641437263.726,-0.977,10.742,-548.340,34.668,41.992
1641437263.730,33.691,19.531,-474.121,133.789,28.320
1641437263.734,51.270,22.949,117.676,223.633,117.188
1641437263.738,19.531,23.438,113.281,151.855,132.324
1641437263.740,-1.465,25.879,-153.320,54.199,71.289
1641437263.744,23.438,25.879,-36.133,102.539,72.754
1641437263.748,49.805,20.996,243.164,192.871,103.027
1641437263.752,32.227,20.020,202.148,159.180,118.652
1641437263.756,0.977,18.555,0.000,36.621,131.348
1641437263.760,10.742,16.113,-82.520,22.461,83.496
1641437263.764,42.480,16.113,107.422,100.098,61.523
1641437263.767,39.551,10.742,172.852,79.590,85.449
1641437263.771,0.977,12.207,-131.836,-60.547,57.617
1641437263.775,-3.418,19.043,-148.438,-105.469,43.945
1641437263.779,31.738,21.484,11.719,-16.113,54.688
1641437263.783,36.621,17.578,97.656,33.203,78.125
1641437263.801,0.000,15.625,-2.441,-74.219,59.082
1641437263.805,-9.277,14.648,-39.062,-148.438,60.547
1641437263.809,22.461,11.719,13.672,-70.801,73.242
1641437263.813,45.410,12.207,-37.109,13.184,89.355
1641437263.817,20.020,13.672,-14.160,-32.227,106.445
1641437263.821,-1.465,15.137,-159.668,-122.559,58.594
1641437263.825,26.367,8.301,-334.473,-86.914,30.762
1641437263.828,52.734,7.324,-418.457,12.695,24.414
1641437263.832,39.551,13.672,-349.609,9.766,28.809
1641437263.836,12.207,17.578,-209.961,-82.520,-6.836
1641437263.840,20.020,17.090,-339.844,-80.566,-56.641
1641437263.844,52.246,20.508,-289.062,15.625,-42.480
1641437263.834,55.176,25.879,-197.754,52.246,7.812
1641437263.838,19.043,18.066,-270.996,-23.438,3.418
1641437263.842,9.766,11.719,-506.836,-28.809,-58.594
1641437263.846,43.945,13.672,-562.500,87.402,-77.637
1641437263.850,56.641,8.301,-210.938,139.648,-30.273
1641437263.854,15.137,3.906,-304.688,36.133,-19.531
1641437263.858,-6.836,5.859,-741.211,-34.668,-89.355
1641437263.861,22.461,15.137,-684.082,18.066,-101.074
1641437263.865,46.387,24.414,-344.238,81.055,-23.926
1641437263.869,18.066,18.066,-289.062,17.578,4.395
1641437263.873,-8.789,12.207,-607.422,-85.938,-28.320
1641437263.877,17.090,17.578,-652.344,-40.527,1.953
1641437263.920,49.316,20.508,-277.832,69.824,70.312
1641437263.924,35.156,21.484,-163.574,76.660,84.961
1641437263.928,6.348,19.043,-435.059,-11.719,54.199
1641437263.932,18.555,17.578,-602.051,-8.301,19.531
1641437263.936,52.734,18.066,-294.434,109.375,60.547
1641437263.940,50.293,7.324,-164.062,134.277,85.938
1641437263.944,12.207,7.324,-568.359,14.160,31.738
1641437263.947,4.395,16.602,-1000.000,-47.363,-10.254
1641437263.951,36.133,20.996,-635.254,38.086,78.613
1641437263.955,53.223,21.973,-90.332,116.211,157.227
1641437263.959,15.625,17.578,-158.691,39.062,162.598
1641437263.963,-7.812,16.602,-354.980,-49.805,119.629
1641437263.938,24.414,17.090,-261.230,0.977,97.656
1641437263.942,53.223,15.625,-131.836,94.727,100.586
1641437263.946,31.738,14.160,-214.844,54.688,60.547
1641437263.950,2.930,11.719,-260.254,-55.664,53.223
1641437263.954,18.066,13.184,-250.977,-40.527,64.941
1641437263.958,54.688,13.672,-264.648,56.152,115.234
1641437263.962,48.340,15.137,-285.156,81.543,130.371
1641437263.965,7.324,17.090,-194.824,-4.395,74.707
1641437263.969,7.324,18.066,-155.273,-26.367,69.824
1641437263.973,38.574,21.484,-216.797,70.312,61.523
1641437263.977,46.875,24.902,-42.969,128.418,117.188
1641437263.981,17.578,20.996,62.012,51.758,163.574
1641437263.981,5.371,18.066,-120.605,-7.324,101.074
1641437263.985,36.133,17.578,-156.250,70.312,62.500
1641437263.989,50.781,18.555,6.836,140.625,89.355
1641437263.993,17.090,20.020,126.465,74.219,107.422
1641437263.997,-7.812,23.438,8.789,-11.719,64.453
1641437264.001,11.230,22.461,-269.043,37.598,30.762
1641437264.005,41.992,21.484,-239.258,136.230,65.430
1641437264.008,32.227,24.902,-32.715,120.605,53.223
1641437264.012,2.930,27.832,-148.926,35.156,7.324
1641437264.016,11.719,23.926,-432.129,48.340,-39.062
1641437264.020,41.016,18.555,-622.070,142.090,-20.508
1641437264.024,36.133,16.602,-275.391,144.531,27.344
1641437264.026,4.395,12.207,-14.648,27.832,28.809
1641437264.030,4.883,13.672,-146.484,-18.555,21.484
1641437264.034,35.156,20.020,-22.461,70.312,19.531
1641437264.038,44.922,22.949,171.387,115.723,15.137
1641437264.042,17.090,24.414,11.230,16.602,-5.371
1641437264.046,4.883,23.438,-240.723,-46.875,7.324
1641437264.050,28.809,21.484,-202.637,10.254,34.180
1641437264.053,47.363,20.020,106.934,81.055,29.297
1641437264.057,18.066,11.719,111.816,36.621,27.832
1641437264.061,-11.719,6.836,-329.590,-34.668,14.648
1641437264.065,18.555,6.836,-64.453,9.766,45.898
1641437264.069,54.688,7.812,284.668,105.469,77.148
1641437264.086,40.039,15.625,196.777,109.863,10.254
1641437264.090,8.301,20.020,194.336,21.484,16.113
1641437264.094,11.230,20.020,304.688,24.414,83.984
1641437264.098,41.504,21.484,461.914,125.977,74.707
1641437264.102,37.109,21.973,450.195,149.902,26.367
1641437264.106,0.488,19.043,245.605,59.082,-5.859
1641437264.110,-0.488,18.555,195.312,22.949,-20.996
1641437264.113,33.691,21.973,347.168,109.375,19.043
1641437264.117,50.781,20.996,434.082,152.344,35.645
1641437264.121,18.555,11.719,473.145,60.059,27.832
1641437264.125,-1.953,5.371,518.066,-17.090,53.223
1641437264.129,28.809,11.719,456.055,24.414,86.914
1641437264.146,46.875,16.602,428.711,85.449,104.492
1641437264.150,16.113,18.066,502.930,23.438,98.145
1641437264.154,-6.836,16.602,367.188,-60.059,62.500
1641437264.158,5.371,12.207,217.773,-25.391,8.301
1641437264.162,30.273,6.836,4.395,62.988,-18.066
1641437264.166,29.785,6.348,79.102,76.172,49.805
1641437264.170,1.465,8.301,180.176,0.000,63.477
1641437264.173,5.859,9.766,-19.043,-9.277,32.227
1641437264.177,42.480,7.324,191.895,90.820,51.758
1641437264.181,51.758,5.371,496.094,129.883,53.711
1641437264.185,13.184,8.301,426.270,32.227,66.895
1641437264.189,2.441,10.254,135.254,-17.578,92.285
1641437264.160,43.457,15.625,158.203,71.289,88.379
1641437264.164,52.734,21.484,510.254,140.625,108.887
1641437264.168,16.113,24.902,521.973,58.594,105.957
1641437264.172,-6.348,21.484,0.977,-28.320,32.227
1641437264.176,9.277,18.066,-214.844,21.484,-11.230
1641437264.180,37.598,20.508,183.105,125.000,37.109
1641437264.184,22.461,20.020,187.500,99.121,45.410
1641437264.187,-4.883,16.113,-18.555,3.418,14.160
1641437264.191,13.672,14.160,164.551,30.273,59.570
1641437264.195,48.340,21.484,442.871,119.141,122.070
1641437264.199,41.992,23.926,440.918,124.023,137.207
1641437264.203,3.906,20.508,201.660,35.645,68.359
1641437264.205,9.277,24.902,142.578,4.883,55.176
1641437264.209,47.852,24.414,317.383,93.262,59.570
1641437264.213,51.270,24.902,310.059,141.113,-13.184
1641437264.217,19.531,23.926,-175.293,47.363,-25.879
1641437264.221,9.766,19.531,-300.781,-18.555,-24.414
1641437264.225,41.992,21.484,-39.551,39.551,-14.648
1641437264.229,65.918,16.602,-2.441,98.633,26.367
1641437264.232,37.109,11.230,22.949,29.785,41.992
1641437264.236,12.695,16.602,14.648,-67.871,22.949
1641437264.240,32.227,17.090,124.512,-43.457,9.277
1641437264.244,57.129,17.090,128.906,45.410,10.742
1641437264.248,43.457,18.066,-154.785,30.762,-20.020
1641437264.251,15.625,15.137,-45.898,-65.430,-23.926
1641437264.255,21.973,17.090,161.133,-47.852,-18.066
1641437264.259,51.758,21.484,177.734,48.828,7.812
1641437264.263,48.828,18.066,308.594,49.316,53.223
1641437264.267,9.277,9.277,324.219,-67.383,41.504
1641437264.271,7.812,12.695,102.051,-116.211,14.160
1641437264.275,42.969,18.066,4.395,-50.293,-41.016
1641437264.278,51.270,18.066,242.676,-29.297,-33.691
1641437264.282,16.113,16.602,294.434,-148.438,-10.742
1641437264.286,-2.930,12.207,102.051,-234.863,-62.012
1641437264.290,27.832,14.648,-41.016,-184.082,-116.699
1641437264.294,53.223,18.066,88.867,-121.582,-60.059
1641437264.297,28.320,19.043,256.836,-182.129,-30.273
1641437264.301,-3.906,20.508,39.551,-273.438,-63.965
1641437264.305,8.789,11.719,-382.812,-240.723,-64.941
1641437264.309,36.621,4.395,-237.305,-154.785,-90.820
1641437264.313,26.855,9.766,222.656,-143.555,-60.059
1641437264.317,-3.418,11.719,-30.762,-215.332,-69.336
1641437264.321,1.465,12.695,-533.691,-196.289,-133.789
1641437264.324,31.250,18.066,-224.609,-73.242,-109.863
1641437264.328,36.133,18.066,285.156,-28.320,-68.359
1641437264.332,5.371,15.625,8.789,-97.656,-99.121
1641437264.336,0.000,17.090,-159.668,-100.098,-101.074
1641437264.340,33.203,18.555,73.730,12.207,-58.594
1641437264.386,41.016,14.160,235.840,76.660,-29.297
1641437264.390,6.836,7.324,82.520,11.719,-18.555
1641437264.394,-9.277,3.418,-82.031,-36.133,-37.109
1641437264.398,14.160,8.789,-13.672,15.625,-36.621
1641437264.402,30.762,13.184,180.176,88.867,9.277
1641437264.406,7.324,16.113,-48.828,62.500,-7.812
1641437264.410,-16.602,22.461,-512.695,-27.832,-71.777
1641437264.413,-2.930,19.531,-185.059,14.160,-6.836
1641437264.417,27.832,13.672,148.438,135.254,79.102
1641437264.421,28.320,14.648,121.582,158.203,81.543
1641437264.425,-2.441,17.578,93.750,71.777,34.180
1641437264.429,5.859,18.066,80.566,64.941,57.129
1641437264.395,46.387,18.066,119.141,181.152,110.840
1641437264.399,52.246,21.484,166.992,212.402,102.539
1641437264.403,17.578,26.367,196.289,113.770,97.656
1641437264.407,5.371,27.344,83.008,70.312,51.270
1641437264.411,34.668,27.344,-71.289,150.391,43.945
1641437264.415,51.758,23.438,-61.523,220.215,113.281
1641437264.419,19.043,19.043,-47.852,141.113,136.230
1641437264.422,-2.930,19.531,-85.449,64.941,87.402
1641437264.426,24.902,19.043,-173.340,117.676,96.191
1641437264.430,46.875,14.160,-57.617,205.078,107.910
1641437264.434,27.832,7.812,138.672,189.453,91.797
1641437264.438,-1.953,5.859,-15.625,95.703,86.914
1641437264.476,13.184,14.160,-212.891,105.957,43.945
1641437264.480,44.922,15.625,-200.684,187.500,38.574
1641437264.484,27.344,16.602,-55.664,205.078,76.660
1641437264.488,-10.742,17.090,-124.512,125.977,43.945
1641437264.492,-4.883,17.578,-358.398,87.402,12.207
1641437264.496,25.391,18.555,-501.465,147.949,23.926
1641437264.500,28.320,15.625,-444.336,156.738,33.203
1641437264.503,-6.348,16.602,-298.828,64.941,32.715
1641437264.507,-10.254,21.484,-386.719,16.602,21.484
1641437264.511,27.344,14.648,-232.910,88.867,35.645
1641437264.515,47.852,4.883,337.402,167.969,140.625
1641437264.519,20.020,7.812,287.598,102.051,189.453
1641437264.494,-3.906,13.672,-20.508,14.160,107.910
1641437264.498,18.066,19.043,67.383,59.082,121.582
1641437264.502,43.457,19.043,314.941,143.066,166.504
1641437264.506,33.203,16.113,237.305,122.070,130.859
1641437264.510,1.953,20.508,25.391,21.484,95.703
1641437264.514,18.555,22.461,-147.949,25.879,43.945
1641437264.518,60.547,16.113,46.875,132.324,62.500
1641437264.521,46.387,11.719,126.953,140.137,68.848
1641437264.525,-5.371,9.277,-87.402,26.855,63.477
1641437264.529,-5.859,3.906,-24.414,0.977,67.871
1641437264.533,32.227,6.348,106.934,103.516,79.590
1641437264.537,40.039,17.578,259.766,163.086,143.066
1641437264.535,14.160,21.973,156.738,80.566,111.328
1641437264.539,0.488,24.902,76.172,6.348,90.332
1641437264.543,25.391,20.020,132.324,63.477,92.285
1641437264.547,53.223,17.578,50.781,143.066,53.711
1641437264.551,28.809,19.531,15.137,92.773,62.500
1641437264.555,0.000,19.043,-25.879,-3.906,81.543
1641437264.559,20.996,19.043,-101.074,27.344,57.617
1641437264.562,48.340,16.602,-121.582,126.953,61.523
1641437264.566,33.203,16.113,-397.461,124.512,71.289
1641437264.570,5.371,20.020,-258.789,16.602,58.105
1641437264.574,20.508,25.879,-20.508,9.277,53.711
1641437264.578,59.082,27.344,87.402,117.676,105.469
1641437264.596,61.523,24.902,185.547,137.695,97.656
1641437264.600,22.949,20.508,125.488,48.340,63.965
1641437264.604,19.043,20.020,-82.031,16.113,13.184
1641437264.608,56.152,20.508,-174.805,97.656,-22.949
1641437264.612,72.266,22.949,175.293,154.785,17.578
1641437264.616,41.016,21.973,130.859,72.266,32.227
1641437264.620,19.043,16.602,-224.609,7.324,14.160
1641437264.623,39.551,22.461,-320.801,64.453,43.945
1641437264.627,61.523,25.879,41.992,139.648,100.586
1641437264.631,31.738,21.973,161.621,87.891,70.312
1641437264.635,-0.977,23.926,-11.719,-5.859,52.734
1641437264.639,14.160,23.438,-23.926,21.973,37.598
1641437264.625,39.062,19.043,94.238,106.934,44.434
1641437264.629,33.203,20.996,190.918,113.281,83.496
1641437264.633,2.441,20.996,68.359,8.301,58.105
1641437264.637,3.906,14.160,-165.039,-19.043,36.133
1641437264.641,36.621,4.395,-46.387,79.590,83.008
1641437264.645,35.156,2.930,45.898,114.258,114.746
1641437264.649,-0.488,8.789,-162.598,20.996,92.285
1641437264.652,-6.348,16.113,-132.812,-36.133,73.730
1641437264.656,21.973,20.996,20.996,36.621,62.012
1641437264.660,38.574,15.625,206.055,113.770,79.102
1641437264.664,15.137,14.648,-115.234,51.758,75.684
1641437264.668,-1.465,23.438,-374.512,-26.367,15.137
1641437264.685,21.484,24.902,48.828,7.324,-16.113
1641437264.689,48.340,21.484,264.160,94.238,56.152
1641437264.693,34.668,11.719,269.043,85.938,134.277
1641437264.697,10.254,10.254,235.352,-6.836,114.746
1641437264.701,26.855,19.043,197.266,0.977,44.434
1641437264.705,54.688,22.461,127.930,81.055,43.457
1641437264.709,54.199,22.949,135.742,85.449,111.328
1641437264.712,19.531,20.508,219.727,-0.977,92.285
1641437264.716,14.648,19.531,247.070,-31.250,63.477
1641437264.720,46.875,19.043,124.023,42.969,61.035
1641437264.724,52.246,13.184,-63.477,73.730,53.711
1641437264.728,17.090,14.648,161.621,-16.113,80.566
1641437264.731,3.906,18.066,288.574,-75.684,81.055
1641437264.735,33.691,9.766,199.219,-20.020,52.246
1641437264.739,47.852,11.719,381.836,52.734,91.309
1641437264.743,13.672,17.090,457.520,-12.207,127.441
1641437264.747,-7.812,22.461,261.230,-102.051,39.551
1641437264.751,16.113,25.879,132.812,-58.594,4.883
1641437264.755,40.039,22.949,176.270,25.391,37.109
1641437264.758,30.762,24.902,372.559,0.488,34.668
1641437264.762,8.301,22.949,300.293,-113.281,5.859
1641437264.766,15.625,20.996,-173.340,-126.953,-21.484
1641437264.770,50.293,21.484,-168.457,-38.574,-32.715
1641437264.774,53.223,13.672,281.250,-27.344,0.977
1641437264.790,19.043,12.207,193.359,-138.184,-5.371
1641437264.794,19.043,20.508,-74.219,-190.918,-78.613
1641437264.798,50.293,23.926,0.977,-114.746,-78.125
1641437264.802,59.570,24.414,166.504,-56.152,-26.367
1641437264.806,32.227,18.555,-29.297,-136.719,-33.691
1641437264.810,19.531,16.113,-407.715,-204.590,-67.871
1641437264.814,45.898,17.578,-491.699,-127.930,-70.801
1641437264.817,69.336,16.602,-224.121,-15.625,14.160
1641437264.821,45.410,19.043,-293.945,-33.203,82.520
1641437264.825,9.766,11.719,-728.027,-113.281,-8.789
1641437264.829,27.344,11.230,-458.008,-62.012,-12.207
1641437264.833,52.734,15.625,-211.914,54.199,15.625
1641437264.836,32.715,15.137,-401.855,58.105,7.812
1641437264.840,-1.465,17.578,-420.898,-35.645,17.578
1641437264.844,0.977,16.113,-326.172,-32.715,-29.785
1641437264.848,37.109,18.066,-154.297,77.148,5.371
1641437264.852,42.480,16.113,-44.434,126.465,36.133
1641437264.856,4.395,10.254,-262.695,53.223,23.926
1641437264.860,0.488,10.742,-378.418,25.879,29.297
1641437264.863,32.715,10.742,-138.184,124.023,47.852
1641437264.867,46.387,12.695,30.273,191.406,80.566
1641437264.871,14.160,16.113,6.348,115.723,41.504
1641437264.875,-10.742,16.113,-0.977,41.504,16.113
1641437264.879,16.602,17.090,8.301,96.680,30.273
1641437264.866,38.086,14.648,-180.664,171.875,3.418
1641437264.870,23.926,18.066,-122.070,125.000,4.395
1641437264.874,6.836,18.555,-0.488,39.551,3.906
1641437264.878,27.832,13.672,-177.246,71.777,-40.039
1641437264.882,64.941,14.160,-112.305,159.180,-30.273
1641437264.886,37.598,18.066,2.930,138.672,27.832
1641437264.890,-6.348,19.043,-107.422,12.207,-2.930
1641437264.893,4.883,20.508,-195.801,-21.484,-27.832
1641437264.897,35.156,26.367,20.020,77.637,26.855
1641437264.901,38.574,28.809,319.336,112.305,59.082
1641437264.905,-0.488,28.320,262.207,11.230,14.160
1641437264.909,-16.113,23.926,-32.715,-44.434,5.371
1641437264.911,16.113,17.578,-205.566,31.738,3.906
1641437264.915,34.180,17.090,260.742,121.094,85.449
1641437264.919,12.207,19.043,323.730,64.453,60.547
1641437264.923,-11.719,10.742,34.180,-15.137,42.969
1641437264.927,4.883,6.348,31.250,28.809,93.750
1641437264.931,28.809,15.137,120.117,118.652,81.055
1641437264.935,16.113,20.020,85.938,105.957,80.078
1641437264.938,-17.090,17.090,-256.836,8.789,41.016
1641437264.942,-3.906,17.578,-361.328,27.344,53.223
1641437264.946,39.551,23.438,140.625,128.906,92.285
1641437264.950,32.715,20.508,296.875,141.602,58.594
1641437264.954,0.977,20.508,83.984,45.898,50.781
1641437264.956,13.184,24.414,77.637,21.973,77.637
1641437264.960,48.340,15.625,217.285,117.188,98.633
1641437264.964,58.105,14.648,200.195,151.855,130.859
1641437264.968,29.297,24.902,13.184,55.176,101.562
1641437264.972,9.277,25.879,-62.500,-8.301,47.363
1641437264.976,36.621,24.902,-84.961,48.828,62.988
1641437264.980,60.059,27.832,-128.418,124.023,76.172
1641437264.983,29.297,25.879,-276.855,58.105,72.266
1641437264.987,6.836,21.484,-260.742,-34.180,98.633
1641437264.991,24.902,22.461,-110.352,3.906,73.730
1641437264.995,45.898,15.625,-187.988,88.379,95.215
1641437264.999,36.133,9.766,-297.852,78.125,92.773
1641437265.000,1.953,17.578,-197.266,-18.555,59.570
1641437265.004,2.930,19.531,-140.137,-17.090,81.055
1641437265.008,30.762,16.113,-107.910,80.078,81.543
1641437265.012,27.832,14.648,1.953,104.004,86.914
1641437265.016,-10.254,14.160,29.297,10.254,66.895
1641437265.020,-14.160,8.789,-256.836,-26.367,-8.789
1641437265.024,21.484,8.301,-282.715,71.777,-37.109
1641437265.027,32.227,16.113,109.863,143.555,55.664
1641437265.031,-1.465,19.531,189.941,67.871,81.543
1641437265.035,-20.020,8.301,21.484,5.859,-7.812
1641437265.039,7.812,3.418,-242.188,62.012,-50.293
1641437265.043,30.762,15.137,-53.711,135.742,-22.949
1641437265.046,14.648,21.973,373.047,98.633,30.762
1641437265.050,-9.766,21.484,205.566,1.465,33.691
1641437265.054,7.812,21.484,60.059,25.879,39.062
1641437265.058,42.480,25.879,290.527,114.258,34.180
1641437265.062,38.086,25.879,397.949,106.445,-9.277
1641437265.066,6.836,19.531,40.527,9.766,-28.320
1641437265.070,13.184,17.578,-301.270,-2.441,-46.387
1641437265.073,49.805,17.578,122.070,102.539,25.879
1641437265.077,52.246,16.602,436.035,139.648,58.105
1641437265.081,12.207,18.066,255.371,45.410,41.992
1641437265.085,0.000,19.043,203.613,-2.441,81.543
1641437265.089,34.668,20.508,342.285,77.637,74.219
1641437265.105,45.898,21.484,487.305,141.113,81.543
1641437265.109,10.254,22.461,324.219,63.965,83.496
1641437265.113,-1.953,22.949,112.793,-16.113,16.113
1641437265.117,38.574,22.949,202.637,45.898,-18.555
1641437265.121,62.988,18.555,416.016,135.742,5.859
1641437265.125,22.461,9.766,172.852,83.496,15.137
1641437265.129,-15.625,8.789,-119.629,-31.738,-40.039
1641437265.132,2.930,6.836,214.844,-9.277,-44.434
1641437265.136,36.133,8.301,512.695,83.984,56.152
1641437265.140,29.297,18.555,497.559,85.449,70.312
1641437265.144,-8.789,21.973,354.004,-23.438,4.883
1641437265.148,-3.418,20.996,277.344,-59.570,-16.113
1641437265.151,34.668,19.043,273.926,33.691,-22.461
1641437265.155,41.016,18.066,255.859,65.918,2.930
1641437265.159,8.789,20.508,268.066,-30.273,36.133
1641437265.163,-3.418,19.043,204.590,-83.984,20.020
1641437265.167,28.320,17.578,169.434,-4.395,26.855
1641437265.171,50.293,19.043,225.586,70.312,71.777
1641437265.175,24.902,16.113,150.391,5.371,83.984
1641437265.178,2.441,17.578,127.441,-90.332,50.781
1641437265.182,22.949,20.020,26.855,-77.637,80.566
1641437265.186,50.781,21.484,-109.375,-9.277,134.766
1641437265.190,37.109,22.461,70.312,-47.852,99.609
1641437265.194,4.883,20.996,-91.797,-171.875,31.250
1641437265.195,13.184,18.555,-266.113,-176.270,28.809
1641437265.199,47.852,19.531,-115.723,-79.590,66.406
1641437265.203,41.992,15.625,-0.488,-64.941,108.887
1641437265.207,5.859,6.348,-198.242,-151.855,83.008
1641437265.211,6.348,8.789,-426.270,-150.391,31.250
1641437265.215,39.062,12.207,-438.965,-25.879,45.410
1641437265.219,46.875,13.672,-259.277,39.062,71.777
1641437265.222,11.230,13.672,-326.172,-36.133,42.480
1641437265.226,-2.441,14.160,-499.512,-72.754,-2.930
1641437265.230,22.949,16.602,-320.312,21.484,-28.320
1641437265.234,45.410,12.207,-10.742,131.348,31.738
1641437265.238,19.043,11.719,5.371,98.633,70.801
1641437265.241,-11.230,6.836,-581.543,13.184,-59.082
1641437265.245,11.230,4.395,-578.613,63.477,-42.969
1641437265.249,37.598,12.207,34.668,154.297,40.527
1641437265.253,25.879,16.602,66.895,138.184,19.531
1641437265.257,-7.324,18.066,-79.590,37.109,22.461
1641437265.261,0.488,21.484,-187.012,38.574,10.254
1641437265.265,39.551,21.973,-164.551,140.137,-53.223
1641437265.268,37.598,19.043,-103.027,163.086,-58.594
1641437265.272,2.441,15.625,-322.754,64.941,-48.828
1641437265.276,3.418,17.090,-258.789,26.367,-48.340
1641437265.280,43.945,22.461,3.418,119.141,6.836
1641437265.284,51.758,14.160,-10.742,172.363,18.066
1641437265.301,14.648,4.883,-138.184,86.914,-19.043
1641437265.305,4.883,9.277,-110.352,20.020,-9.766
1641437265.309,35.645,18.066,-61.523,72.266,-12.695
1641437265.313,57.129,22.461,23.438,147.461,12.695
1641437265.317,36.133,22.461,43.457,108.887,21.484
1641437265.321,3.906,15.625,-211.426,10.254,-8.301
1641437265.325,19.043,14.648,-251.953,31.250,12.207
1641437265.328,48.340,17.090,-279.297,123.535,2.930
1641437265.332,36.133,20.020,-236.328,122.070,-17.090
1641437265.336,0.977,23.438,45.410,22.461,-10.742
1641437265.340,3.906,15.625,-82.031,-1.465,-25.391
1641437265.344,38.086,13.672,-54.688,88.867,-10.254
1641437265.331,37.598,16.113,83.496,118.652,3.418
1641437265.335,3.418,19.531,0.000,20.508,30.762
1641437265.339,-5.371,19.531,-129.395,-31.738,18.555
1641437265.343,21.973,14.648,-141.602,41.016,-38.086
1641437265.347,39.551,15.625,136.230,104.980,12.695
1641437265.351,6.836,17.090,61.035,38.574,27.344
1641437265.355,-19.043,14.160,-321.289,-45.898,-55.176
1641437265.358,6.836,12.207,-226.562,2.930,-35.156
1641437265.362,34.180,15.625,159.668,97.168,29.297
1641437265.366,16.602,19.043,253.418,66.406,3.906
1641437265.370,-8.789,13.672,-76.172,-32.715,-10.742
1641437265.374,9.277,12.207,-449.219,-16.602,-0.977
1641437265.376,40.527,17.090,-57.129,83.496,44.434
1641437265.380,32.715,18.555,291.992,96.680,28.809
1641437265.384,1.953,18.066,-1.465,-3.418,-56.152
1641437265.388,6.348,17.578,-211.426,-27.832,-10.254
1641437265.392,41.504,17.578,57.617,76.172,59.570
1641437265.396,51.758,20.508,232.422,120.117,54.688
1641437265.400,14.648,22.461,-110.840,21.484,50.781
1641437265.403,4.395,20.996,-211.426,-39.062,34.180
1641437265.407,35.156,20.020,132.812,36.621,42.969
1641437265.411,51.758,11.230,249.023,119.629,69.824
1641437265.415,31.738,7.812,-36.621,62.500,61.035
1641437265.419,8.301,19.043,-141.602,-23.926,54.199
1641437265.436,24.414,24.902,133.301,17.090,95.703
1641437265.440,51.270,24.414,196.289,113.770,100.586
1641437265.444,33.691,21.973,219.238,118.164,111.328
1641437265.448,-0.488,20.020,209.473,22.949,161.133
1641437265.452,3.418,20.508,160.645,22.461,130.371
1641437265.456,39.062,19.531,104.004,117.676,95.703
1641437265.460,44.434,20.508,25.391,126.465,125.488
1641437265.463,6.348,25.391,95.215,22.461,100.098
1641437265.467,-0.488,20.020,167.969,-23.926,88.867
1641437265.471,40.039,10.254,15.137,65.918,60.059
1641437265.475,54.199,8.301,-227.539,117.188,55.176
1641437265.479,18.066,13.184,-48.828,25.391,42.480
1641437265.496,5.371,20.996,40.039,-20.996,-6.836
1641437265.500,33.691,22.949,11.719,58.594,-2.441
1641437265.504,51.270,17.578,177.246,144.043,42.969
1641437265.508,30.762,16.113,214.355,86.914,53.223
1641437265.512,5.371,17.578,-15.137,-9.766,21.973
1641437265.516,24.414,15.625,-171.387,33.203,55.664
1641437265.520,55.176,17.090,-90.332,119.629,95.703
1641437265.523,49.805,19.043,134.277,110.840,98.145
1641437265.527,16.602,19.043,112.793,3.418,94.238
1641437265.531,19.043,12.695,-317.383,-8.301,73.730
1641437265.535,52.734,6.836,-301.758,99.121,62.988
1641437265.539,51.270,9.766,192.383,123.535,89.844
1641437265.540,15.625,11.719,104.004,30.762,72.266
1641437265.544,8.301,14.648,-66.895,-19.043,44.434
1641437265.548,42.480,18.555,80.566,57.617,48.340
1641437265.552,53.711,23.926,259.766,126.953,117.188
1641437265.556,20.508,25.879,104.004,40.527,122.070
1641437265.560,4.395,24.414,-222.656,-39.062,58.594
1641437265.564,33.203,24.902,-209.473,18.555,23.438
1641437265.567,55.664,24.902,92.773,107.910,78.613
1641437265.571,34.668,25.391,93.262,71.777,88.867
1641437265.575,6.836,20.996,-121.582,-31.738,42.480
1641437265.579,16.602,12.695,-27.832,-15.625,53.223
1641437265.583,47.363,15.137,93.750,74.219,76.660
1641437265.586,39.062,19.531,-76.660,77.637,81.055
1641437265.590,0.488,22.461,-447.266,-17.090,18.066
1641437265.594,7.812,32.227,-227.539,-27.344,35.645
1641437265.598,38.574,31.738,106.445,61.523,82.031
1641437265.602,36.133,25.391,123.535,88.867,95.215
1641437265.606,3.906,19.531,-22.461,0.977,88.379
1641437265.610,2.930,20.508,-223.633,-39.551,21.973
1641437265.613,36.133,19.531,-104.980,48.828,24.902
1641437265.617,50.293,15.625,41.992,117.188,42.969
1641437265.621,22.949,22.949,41.992,48.340,42.480
1641437265.625,3.418,25.391,-22.949,-26.855,43.457
1641437265.629,28.320,20.508,-34.180,18.555,34.180
1641437265.615,52.734,19.531,-116.699,97.656,56.641
1641437265.619,33.203,20.996,-14.648,61.035,101.074
1641437265.623,-2.930,20.996,-2.930,-45.898,75.195
1641437265.627,10.254,22.949,-271.973,-30.273,23.438
1641437265.631,54.688,21.973,-110.840,72.754,100.586
1641437265.635,53.711,18.555,70.312,69.336,141.602
1641437265.639,20.020,22.461,-61.035,-37.109,77.637
1641437265.642,26.855,26.367,-173.340,-59.082,56.152
1641437265.646,63.965,29.785,-133.789,35.156,18.066
1641437265.650,63.477,25.391,126.465,73.730,15.625
1641437265.654,27.832,20.508,197.266,-17.090,63.965
1641437265.658,19.043,27.344,-192.383,-73.242,46.875
1641437265.660,37.109,22.461,-387.695,-7.324,40.039
1641437265.664,44.434,9.277,6.836,66.895,54.199
1641437265.668,4.395,3.906,71.289,-0.977,48.828
1641437265.672,-24.414,11.719,-170.898,-90.332,17.578
1641437265.676,-9.277,11.719,-177.734,-53.711,12.207
1641437265.680,21.973,17.578,-61.035,44.434,72.266
1641437265.684,12.695,17.090,-59.570,41.504,76.660
1641437265.687,-30.273,5.859,-467.285,-69.824,7.812
1641437265.691,-5.859,19.531,-673.340,-57.617,-43.457
1641437265.695,31.738,15.137,-158.691,38.574,-7.324
1641437265.699,20.996,4.883,-9.766,58.594,20.020
1641437265.703,-1.465,19.043,-275.391,-5.859,-0.488
1641437265.706,12.207,30.273,-355.469,-8.789,-31.738
1641437265.710,47.852,25.879,-236.816,99.609,-33.203
1641437265.714,56.152,15.137,-229.980,139.648,-24.902
1641437265.718,22.949,12.695,-389.160,44.434,-0.488
1641437265.722,14.648,22.949,-510.742,-4.395,12.695
1641437265.726,41.504,27.832,-608.887,57.617,-22.461
1641437265.730,50.781,21.973,-648.926,113.770,-12.695
1641437265.733,24.902,19.043,-811.035,48.828,6.836
1641437265.737,0.488,21.484,-847.168,-39.062,7.812
1641437265.741,19.043,22.461,-692.383,3.906,3.418
1641437265.745,49.316,21.484,-717.285,95.703,0.000
1641437265.749,33.691,13.184,-796.875,80.078,-2.930
1641437265.750,0.488,14.160,-853.516,-27.832,7.324
1641437265.754,6.836,19.531,-977.539,-41.016,-21.973
1641437265.758,35.645,19.043,-966.797,40.039,-51.758
1641437265.762,29.785,18.555,-967.285,46.387,-26.367
1641437265.766,-18.555,6.836,-969.727,-79.590,-49.316
1641437265.770,-31.250,0.977,-969.727,-146.484,-133.789
1641437265.774,4.395,4.883,-969.727,-61.523,-124.512
1641437265.777,26.855,10.254,-969.238,8.789,-78.125
1641437265.781,0.488,16.602,-969.238,-58.105,-89.844
1641437265.785,-12.207,14.160,-969.727,-110.352,-74.707
1641437265.789,24.414,14.648,-969.727,-41.504,-34.180
1641437265.793,56.152,17.090,-970.703,60.059,-63.477
1641437265.797,40.527,16.113,-964.844,44.434,-48.828
1641437265.801,9.766,15.625,-963.867,-55.176,-61.035
1641437265.805,23.438,10.742,-975.586,-31.738,-89.355
1641437265.809,61.523,11.719,-745.605,61.035,-64.941
1641437265.813,62.012,21.973,-420.898,44.922,-68.848
1641437265.817,28.809,23.926,-636.230,-92.773,-57.617
1641437265.821,35.156,21.973,-978.027,-161.621,-94.238
1641437265.824,79.590,17.578,-683.105,-93.750,-118.652
1641437265.828,109.863,18.066,-319.824,-51.270,-97.656
1641437265.832,76.172,28.809,-497.559,-165.527,-144.043
1641437265.836,31.738,31.738,-666.992,-272.949,-187.012
1641437265.840,47.363,27.832,-463.867,-221.191,-134.766
1641437265.872,64.453,27.832,-227.539,-169.922,-103.516
1641437265.876,22.949,30.273,-350.098,-255.371,-169.922
1641437265.880,-10.742,30.762,-505.371,-342.285,-195.312
1641437265.884,14.648,31.250,-309.570,-285.156,-172.363
1641437265.888,29.297,31.738,14.648,-190.430,-142.090
1641437265.892,-1.465,30.762,-168.945,-194.824,-165.039
1641437265.896,-39.551,24.414,-403.809,-277.832,-182.617
1641437265.899,-29.785,21.484,21.484,-245.605,-153.320
1641437265.903,-2.441,25.391,344.727,-112.305,-135.254
1641437265.907,-0.977,26.855,346.680,-78.125,-115.234
1641437265.911,-28.320,25.391,270.508,-165.039,-138.672
1641437265.915,-21.973,27.344,325.684,-168.457,-122.070
1641437265.901,17.578,29.785,392.090,-43.457,-87.891
1641437265.905,28.809,27.832,533.691,25.879,-53.223
1641437265.909,0.488,25.391,583.496,-47.852,-42.480
1641437265.913,-8.789,31.250,542.969,-86.914,-17.578
1641437265.917,22.461,25.879,537.109,5.859,-30.273
1641437265.921,35.156,18.555,571.289,104.980,-28.320
1641437265.925,2.930,24.902,649.902,81.543,-20.996
1641437265.928,-17.090,25.391,680.664,27.344,-50.781
1641437265.932,10.742,28.809,690.918,89.844,-73.242
1641437265.936,42.969,34.180,842.285,198.242,-38.086
1641437265.940,35.156,32.715,-987.305,208.984,-5.859
1641437265.944,3.906,28.809,995.117,125.977,-13.672
1641437265.946,15.137,25.879,677.246,139.160,-54.688
1641437265.950,57.129,30.273,594.238,233.398,-31.250
1641437265.954,57.617,27.344,976.074,239.746,73.242
1641437265.958,20.020,19.531,-986.328,136.230,43.457
1641437265.962,14.160,23.926,613.770,74.219,-12.695
1641437265.966,41.504,26.855,484.863,144.043,23.438
1641437265.970,51.758,34.668,857.422,196.777,87.402
1641437265.973,21.484,36.133,920.898,106.934,118.652
1641437265.977,2.441,26.855,538.086,37.598,81.543
1641437265.981,31.250,24.902,357.910,103.516,19.043
1641437265.985,60.059,30.273,822.754,186.523,70.801
1641437265.989,42.969,32.715,-971.680,143.555,142.090
1641437265.991,20.996,31.250,872.559,68.359,101.562
1641437265.995,40.527,24.902,871.582,125.488,50.293
1641437265.999,65.430,22.461,980.957,239.746,69.824
1641437266.003,52.734,23.438,978.027,240.723,83.008
1641437266.007,18.066,26.367,967.285,141.113,89.355
1641437266.011,18.555,25.391,876.465,135.254,92.285
1641437266.015,41.992,16.113,868.164,228.516,122.070
1641437266.018,43.945,4.883,979.492,269.531,112.793
1641437266.022,28.809,0.488,786.133,193.359,40.527
1641437266.026,15.137,18.066,839.355,136.230,107.910
1641437266.030,17.578,33.203,993.652,185.547,161.133
1641437266.034,30.273,31.738,899.902,248.047,158.691
1641437266.037,6.836,24.414,896.484,175.781,131.348
1641437266.041,-20.020,20.020,-991.699,90.820,119.629
1641437266.045,4.883,21.484,999.023,139.160,100.586
1641437266.049,25.391,19.531,997.070,220.703,71.777
1641437266.053,-7.324,13.672,-999.512,183.105,109.375
1641437266.057,-37.598,9.277,993.164,85.449,75.684
1641437266.061,-24.902,12.695,989.746,101.562,72.754
1641437266.064,1.953,14.160,998.047,182.129,129.395
1641437266.068,-2.930,13.184,999.023,190.918,95.703
1641437266.072,-30.762,20.996,999.023,104.980,102.539
1641437266.076,-25.391,24.902,999.512,91.797,128.906
1641437266.080,11.230,20.020,999.512,174.316,110.840
1641437266.081,20.020,15.137,999.512,192.383,136.719
1641437266.085,-7.812,11.230,999.512,109.375,160.156
1641437266.089,-10.254,15.137,999.512,68.848,116.699
1641437266.093,22.461,20.996,999.512,142.090,117.676
1641437266.097,39.062,25.391,999.512,196.777,163.574
1641437266.101,14.648,30.273,999.512,114.258,145.996
1641437266.105,4.395,34.180,999.512,26.855,104.980
1641437266.108,34.668,34.180,999.512,75.684,76.660
1641437266.112,63.477,30.762,999.512,148.926,85.938
1641437266.116,46.387,25.391,999.512,101.074,131.348
1641437266.120,13.184,18.555,999.512,2.441,62.988
1641437266.124,30.273,18.066,999.512,18.555,35.645
1641437266.125,64.453,22.949,999.512,124.023,100.586
1641437266.129,58.105,24.414,999.512,138.184,115.234
1641437266.133,20.020,28.320,999.512,25.879,112.305
1641437266.137,14.648,29.297,-998.535,-12.695,106.934
1641437266.141,42.480,25.879,982.422,70.312,138.672
1641437266.145,45.410,22.461,-961.426,113.281,146.484
1641437266.149,5.859,14.160,864.258,23.926,94.727
1641437266.152,-7.324,10.742,670.898,-39.062,65.430
1641437266.156,25.391,15.625,945.801,31.738,102.539
1641437266.160,45.898,17.090,-984.863,112.305,76.172
1641437266.164,17.578,18.066,-997.559,57.129,52.246
1641437266.168,-7.324,17.090,922.852,-38.086,42.969
1641437266.170,17.090,18.555,823.242,2.930,36.133
1641437266.174,44.922,22.949,930.176,85.449,70.801
1641437266.178,30.762,21.484,914.062,57.617,71.777
1641437266.182,0.000,17.578,788.574,-42.969,78.613
1641437266.186,12.695,14.160,698.242,-36.133,56.641
1641437266.190,50.781,11.719,592.773,65.918,57.129
1641437266.194,51.758,17.090,300.293,90.820,61.523
1641437266.197,16.113,24.414,285.156,8.789,34.668
1641437266.201,2.930,23.438,513.184,-22.461,74.707
1641437266.205,35.156,19.531,517.578,62.988,125.488
1641437266.209,54.688,21.484,621.582,121.094,133.789
1641437266.213,16.602,18.066,662.109,30.762,115.723
1641437266.230,-5.859,16.602,517.578,-47.363,103.516
1641437266.234,29.297,20.508,458.008,16.602,94.727
1641437266.238,51.270,18.066,587.402,97.168,96.191
1641437266.242,23.438,9.277,605.469,43.945,91.797
1641437266.246,0.488,7.812,393.555,-49.805,70.801
1641437266.250,23.438,16.113,174.805,-19.531,25.879
1641437266.254,51.270,15.625,189.941,70.312,37.598
1641437266.257,41.992,16.113,336.426,70.312,74.707
1641437266.261,11.719,17.578,294.434,-27.832,58.594
1641437266.265,17.578,13.672,-148.926,-45.410,45.410
1641437266.269,53.223,14.160,-159.668,49.805,56.152
1641437266.273,58.594,21.973,341.309,91.797,103.027
1641437266.275,28.809,19.043,223.633,10.254,118.652
1641437266.279,35.645,17.090,-30.273,-39.551,54.688
1641437266.283,62.500,22.949,96.680,41.504,95.703
1641437266.287,62.988,24.414,259.766,105.469,162.109
1641437266.291,39.062,22.949,53.711,30.273,120.605
1641437266.295,21.484,20.996,-325.684,-41.016,62.988
1641437266.299,37.598,19.043,-353.027,-0.977,18.066
1641437266.302,70.312,21.484,1.465,80.078,52.246
1641437266.306,52.734,25.391,-52.734,44.434,70.801
1641437266.310,18.066,26.367,-463.867,-65.430,31.738
1641437266.314,41.992,29.297,-288.086,-35.156,66.406
1641437266.318,72.266,28.809,-9.766,64.941,80.078
1641437266.320,59.570,23.438,-54.688,71.289,83.984
1641437266.324,22.461,16.602,-154.785,-26.367,67.383
1641437266.328,20.020,14.648,-140.137,-53.223,75.195
1641437266.332,50.293,17.090,-41.992,31.738,98.145
1641437266.336,49.316,21.973,-12.695,53.223,93.262
1641437266.340,14.648,24.414,-194.824,-36.133,83.008
1641437266.344,1.953,26.855,-347.656,-80.566,34.180
1641437266.347,27.344,28.320,-189.453,-2.930,0.000
1641437266.351,41.992,22.461,-253.906,67.383,4.883
1641437266.355,11.719,18.555,-303.223,1.953,20.996
1641437266.359,-10.254,20.508,-80.566,-68.848,8.301
1641437266.363,15.625,20.996,-68.848,-7.324,-0.977
1641437266.366,42.969,14.160,-6.836,89.355,11.719
1641437266.370,22.461,14.648,163.086,68.848,44.434
1641437266.374,-7.324,18.066,27.344,-38.086,3.418
1641437266.378,6.836,19.043,-214.844,-32.227,-18.066
1641437266.382,41.992,19.531,-113.770,67.871,16.113
1641437266.386,37.109,18.066,74.219,88.867,36.621
1641437266.390,-0.977,19.043,36.133,-1.953,75.195
1641437266.393,0.000,20.508,-144.531,-33.203,58.594
1641437266.397,33.203,24.902,-237.793,58.594,17.578
1641437266.401,44.434,21.484,136.230,117.188,52.246
1641437266.405,15.137,12.207,237.793,29.297,68.848
1641437266.409,1.465,13.184,-15.137,-33.203,36.621
1641437266.456,36.133,21.973,70.801,47.852,35.645
1641437266.460,54.688,21.484,305.664,138.672,48.340
1641437266.464,25.391,19.531,292.480,88.867,30.273
1641437266.468,1.953,23.438,95.215,-1.465,16.113
1641437266.472,26.855,26.367,41.992,38.574,2.930
1641437266.476,56.152,24.414,188.965,128.906,23.438
1641437266.480,40.039,22.461,207.031,108.887,29.785
1641437266.483,1.953,20.996,-150.391,7.812,13.184
1641437266.487,5.371,15.625,-290.039,9.277,0.488
1641437266.491,45.898,11.719,242.676,108.398,23.438
1641437266.495,51.270,15.625,468.750,121.582,15.625
1641437266.499,14.648,22.461,237.793,16.113,-38.574
1641437266.460,14.160,23.926,164.062,-23.926,-32.715
1641437266.464,49.805,23.926,252.930,56.152,-34.180
1641437266.468,67.383,22.461,272.949,116.699,-8.789
1641437266.472,37.109,18.555,220.703,41.992,39.062
1641437266.476,3.906,19.531,174.316,-40.039,-9.277
1641437266.480,19.531,20.508,54.199,14.160,-25.879
1641437266.484,35.645,20.020,47.363,98.145,21.484
1641437266.487,7.324,13.672,206.543,44.434,38.086
1641437266.491,-18.066,9.277,195.312,-65.430,-28.809
1641437266.495,4.883,19.043,120.605,-38.574,-95.703
1641437266.499,43.945,21.973,176.270,60.059,-53.711
1641437266.503,38.086,18.555,215.332,61.523,-35.156
1641437266.502,4.395,21.484,145.508,-46.875,-66.406
1641437266.506,13.184,20.996,22.949,-61.035,-53.223
1641437266.510,51.758,18.555,-102.539,49.805,-70.801
1641437266.514,62.988,25.879,17.090,90.332,-86.914
1641437266.518,27.832,29.297,151.855,-0.977,-45.898
1641437266.522,14.648,19.531,-107.910,-62.012,-74.219
1641437266.526,43.457,13.672,-240.234,23.926,-47.852
1641437266.529,56.641,18.555,-373.047,104.492,-12.207
1641437266.533,26.855,25.879,-233.398,34.668,-5.371
1641437266.537,9.277,27.344,23.926,-33.203,11.719
1641437266.541,33.203,19.531,5.859,5.859,10.742
1641437266.545,51.270,19.043,65.918,75.684,21.973
1641437266.546,31.738,27.344,182.129,43.457,8.301
1641437266.550,1.953,26.367,33.203,-68.848,2.441
1641437266.554,13.672,15.137,-159.180,-69.336,-6.348
1641437266.558,44.434,11.719,78.613,13.184,19.531
1641437266.562,34.180,17.578,230.469,10.254,18.555
1641437266.566,-8.301,16.113,-93.750,-91.797,-50.781
1641437266.570,-10.742,17.578,-535.156,-117.676,-113.281
1641437266.573,20.508,20.020,-285.645,-30.273,-94.238
1641437266.577,30.762,17.578,232.422,15.137,-7.324
1641437266.581,-2.930,16.113,95.215,-70.312,9.766
1641437266.585,-19.043,16.113,-180.664,-126.953,-69.336
1641437266.589,20.020,19.531,-106.934,-42.480,-61.035
1641437266.622,40.527,18.066,81.055,39.062,-13.672
1641437266.626,18.555,20.020,-75.195,-25.879,-40.527
1641437266.630,5.371,20.996,-466.797,-113.281,-46.387
1641437266.634,17.090,23.438,-474.609,-77.637,-37.598
1641437266.638,40.527,33.203,-315.918,18.066,3.906
1641437266.642,27.344,27.832,-648.438,10.254,-0.488
1641437266.646,-0.488,23.926,-1000.000,-68.359,-60.059
1641437266.649,10.254,27.832,-958.984,-28.809,-53.223
1641437266.653,45.898,37.109,-963.867,101.074,-6.836
1641437266.657,41.016,38.574,-970.703,129.883,-8.789
1641437266.661,-13.672,27.344,-969.238,6.836,-16.113
1641437266.665,-21.484,29.297,-969.727,-30.762,16.602
1641437266.651,10.254,39.062,-969.238,72.754,19.043
1641437266.655,20.996,44.922,-969.727,136.230,-8.789
1641437266.659,-13.672,41.992,-969.727,59.570,-14.160
1641437266.663,-36.133,46.875,-969.238,1.953,0.488
1641437266.667,-15.625,49.805,-969.727,77.637,-18.555
1641437266.671,-3.906,50.781,-969.727,159.668,-3.906
1641437266.675,-31.250,56.152,-969.238,97.168,2.930
1641437266.678,-68.848,51.270,-969.238,-19.531,-41.992
1641437266.682,-63.477,50.293,-969.727,-15.137,-51.758
1641437266.686,-36.133,54.688,-969.727,62.500,-38.086
1641437266.690,-47.852,60.059,-969.238,36.133,0.977
1641437266.694,-80.078,63.477,-969.727,-83.984,-26.367
1641437266.696,-78.613,54.199,-969.727,-111.816,-99.121
1641437266.700,-44.922,55.176,-969.727,-22.949,-73.242
1641437266.704,-36.621,59.082,-969.238,12.695,-6.836
1641437266.708,-65.918,53.711,-969.727,-67.871,-15.625
1641437266.712,-65.918,43.457,-969.727,-102.539,-23.438
1641437266.716,-30.273,36.621,-969.238,-21.484,9.277
1641437266.720,-7.812,43.457,-969.238,40.527,65.430
1641437266.723,-35.156,48.340,-969.238,-41.992,107.910
1641437266.727,-45.898,47.363,-969.727,-110.352,32.227
1641437266.731,-14.160,42.480,-969.238,-47.363,-9.277
1641437266.735,6.836,39.551,-970.215,39.551,62.988
1641437266.739,-18.555,32.227,-961.426,5.371,44.434
1641437266.741,-43.457,27.344,-976.562,-95.703,-21.484
1641437266.745,-14.160,28.809,-918.945,-58.105,1.953
1641437266.749,23.438,22.461,-648.926,64.453,30.762
1641437266.753,19.043,14.648,-537.109,73.730,57.129
1641437266.757,-7.324,16.602,-614.746,-21.973,26.367
1641437266.761,6.836,22.949,-580.078,-32.715,11.230
1641437266.765,39.551,21.973,-407.715,59.082,35.156
1641437266.768,38.574,20.996,-270.996,85.449,49.316
1641437266.772,5.859,22.949,-239.258,-16.602,65.430
1641437266.776,7.324,23.438,-110.352,-76.172,23.926
1641437266.780,43.945,17.578,22.949,10.254,-3.418
1641437266.784,62.988,13.184,-8.301,104.980,20.996
1641437266.786,31.738,13.672,-187.012,38.574,-21.484
1641437266.790,9.766,6.348,5.859,-47.852,-11.230
1641437266.794,43.945,6.348,238.770,-3.906,13.184
1641437266.798,74.219,13.184,384.277,91.309,4.395
1641437266.802,56.641,11.230,537.109,67.871,29.297
1641437266.806,28.320,10.742,363.281,-41.504,-7.324
1641437266.810,41.016,14.160,253.906,-27.344,-57.129
1641437266.813,75.684,11.719,228.027,59.570,-26.855
1641437266.817,73.242,8.301,318.359,56.641,25.879
1641437266.821,41.016,7.812,592.773,-31.250,70.312
1641437266.825,40.527,10.742,498.047,-52.246,78.613
1641437266.829,76.172,12.695,478.516,39.551,65.430
1641437266.832,85.449,6.348,764.648,89.844,141.113
1641437266.836,47.852,3.906,712.891,-0.488,161.133
1641437266.840,44.922,0.488,431.641,-53.223,133.301
1641437266.844,82.520,7.324,389.648,15.137,131.348
1641437266.848,88.867,19.043,661.133,55.664,142.578
1641437266.852,59.082,19.043,672.852,-28.320,145.508
1641437266.856,43.457,16.113,287.598,-125.000,85.938
1641437266.859,72.266,16.602,228.027,-80.078,67.871
1641437266.863,104.492,14.160,541.504,21.484,89.355
1641437266.867,86.914,14.160,648.926,7.324,67.871
1641437266.871,54.688,9.277,313.477,-82.520,48.828
1641437266.875,64.453,5.371,83.496,-62.012,46.875
1641437266.875,100.098,7.324,540.039,49.316,75.684
1641437266.879,94.238,11.719,797.852,69.336,67.871
1641437266.883,52.734,18.066,608.887,-29.297,32.715
1641437266.887,46.875,17.090,405.273,-59.082,-2.441
1641437266.891,76.172,16.602,521.973,41.504,-41.504
1641437266.895,81.055,16.113,829.590,118.164,36.133
1641437266.899,41.992,8.789,603.516,61.523,18.066
1641437266.902,23.438,5.859,305.664,5.859,-90.820
1641437266.906,55.176,6.836,740.723,86.426,-51.270
1641437266.910,71.777,2.441,-971.191,182.617,4.883
1641437266.914,40.039,2.441,966.309,142.090,3.906
1641437266.918,13.672,9.277,989.746,67.871,17.090
1641437266.921,31.738,11.719,-996.094,108.887,30.273
1641437266.925,63.477,10.742,998.047,205.566,60.059
1641437266.929,53.223,10.742,-1000.000,214.844,55.664
1641437266.933,20.020,6.836,999.512,127.441,33.691
1641437266.937,31.250,4.395,999.512,116.211,43.945
1641437266.941,61.035,4.883,999.512,204.102,73.242
1641437266.945,59.570,0.000,999.512,225.098,77.637
1641437266.948,24.414,-0.977,999.512,119.141,68.359
1641437266.952,15.625,6.836,999.512,63.965,45.410
1641437266.956,43.457,6.836,999.512,137.695,74.219
1641437266.960,60.547,8.789,998.535,189.941,124.023
1641437266.964,31.738,15.137,999.023,98.145,58.594
1641437266.981,11.230,11.719,-996.094,15.137,-21.973
1641437266.985,40.527,10.254,966.797,69.824,14.160
1641437266.989,66.406,10.742,968.262,147.949,54.199
1641437266.993,46.875,6.348,-989.258,113.281,78.125
1641437266.997,20.020,6.348,983.887,16.602,41.992
1641437267.001,32.715,13.184,808.105,30.762,-11.230
1641437267.005,58.594,16.113,797.852,117.676,36.621
1641437267.008,50.781,17.090,925.781,116.699,94.727
1641437267.012,16.113,19.043,833.008,9.277,64.453
1641437267.016,16.113,18.555,311.523,-17.090,2.930
1641437267.020,49.316,16.113,247.559,78.125,20.996
1641437267.024,56.641,18.066,764.648,109.375,78.125
1641437267.014,20.020,14.160,631.836,2.930,62.500
1641437267.018,10.254,8.301,349.609,-55.664,-3.418
1641437267.022,50.293,13.672,485.840,30.762,-19.043
1641437267.026,70.312,16.113,681.641,108.398,20.020
1641437267.030,33.203,15.625,599.609,41.016,37.109
1641437267.034,9.766,19.531,269.043,-41.016,-8.789
1641437267.038,38.574,22.949,212.891,8.301,-45.410
1641437267.041,67.871,21.484,568.359,110.352,-5.859
1641437267.045,46.875,17.578,522.949,90.332,-0.488
1641437267.049,16.602,11.719,235.352,-3.418,-39.062
1641437267.053,38.086,9.766,342.285,21.973,-5.371
1641437267.057,66.895,17.578,472.168,110.840,23.926
1641437267.071,54.688,21.484,348.633,112.305,24.414
1641437267.075,20.020,20.508,201.172,15.625,46.875
1641437267.079,20.996,22.461,241.699,-15.625,50.293
1641437267.083,49.805,24.414,333.984,71.289,69.824
1641437267.087,49.316,20.508,180.664,107.910,63.965
1641437267.091,6.836,10.742,-178.711,7.324,21.973
1641437267.095,-4.395,10.254,-191.895,-58.105,-19.043
1641437267.098,27.832,14.648,101.074,18.555,5.859
1641437267.102,44.922,8.301,116.699,104.492,29.297
1641437267.106,21.973,6.348,41.504,47.363,12.695
1641437267.110,2.930,11.719,155.273,-39.551,24.902
1641437267.114,23.438,17.090,109.863,0.488,0.977
1641437267.116,50.293,20.996,177.246,85.938,-8.301
1641437267.120,37.598,22.949,310.547,72.754,29.297
1641437267.124,-1.953,16.113,289.551,-32.227,39.551
1641437267.128,10.742,5.859,5.371,-28.320,-10.254
1641437267.132,65.430,11.719,-31.738,98.633,-8.789
1641437267.136,67.871,27.344,219.238,122.070,16.602
1641437267.140,13.184,27.832,107.910,-2.441,-34.180
1641437267.143,-9.766,21.484,-107.422,-57.129,-89.355
1641437267.147,25.391,19.043,-274.414,22.461,-108.398
1641437267.151,45.898,23.926,72.266,86.914,-31.738
1641437267.155,8.301,24.414,302.734,0.000,5.371
1641437267.159,-8.789,20.020,90.820,-83.984,-28.320
1641437267.161,23.926,24.902,160.156,-19.043,-11.719
1641437267.165,44.434,25.391,374.023,60.059,-4.883
1641437267.169,17.090,21.484,385.254,11.230,-8.301
1641437267.173,-10.254,22.461,233.398,-76.660,0.488
1641437267.177,10.742,24.414,295.410,-31.738,0.488
1641437267.181,44.434,22.949,446.289,75.195,1.465
1641437267.185,32.715,24.414,461.426,73.730,-29.785
1641437267.188,-0.977,20.508,178.711,-24.902,-49.805
1641437267.192,4.883,14.160,-1.465,-39.551,-63.477
1641437267.196,38.574,18.555,539.062,65.430,-9.277
1641437267.200,39.062,21.973,819.824,97.656,13.672
1641437267.204,6.348,19.531,486.328,4.883,-54.199
1641437267.208,2.441,18.066,448.730,-28.320,-46.875
1641437267.212,35.645,15.625,702.637,62.500,-17.090
1641437267.216,55.176,17.090,731.934,141.113,-10.742
1641437267.220,23.926,21.484,682.129,79.590,12.207
1641437267.224,5.371,15.625,661.133,20.020,-14.160
1641437267.228,34.668,18.066,692.871,86.914,0.977
1641437267.232,51.270,21.973,684.082,162.598,41.016
1641437267.235,33.691,20.020,713.379,129.395,20.020
1641437267.239,8.301,20.996,670.898,38.086,35.156
1641437267.243,19.531,20.020,552.734,53.223,35.645
1641437267.247,49.316,17.578,668.945,146.484,20.508
1641437267.251,42.969,16.113,773.926,144.043,32.227
1641437267.250,13.184,17.090,731.445,37.109,41.016
1641437267.254,17.090,14.648,667.480,17.090,49.805
1641437267.258,50.781,10.742,485.840,113.770,0.000
1641437267.262,58.105,14.160,468.750,150.391,2.441
1641437267.266,20.996,16.602,601.562,50.781,22.949
1641437267.270,12.207,14.648,381.348,-7.324,8.301
1641437267.274,41.992,12.207,150.879,65.918,-17.578
1641437267.277,50.781,9.277,60.059,139.160,21.484
1641437267.281,24.902,5.371,359.863,82.031,86.426
1641437267.285,6.836,4.395,476.074,0.488,74.219
1641437267.289,28.809,10.254,373.047,37.109,63.965
1641437267.293,55.664,14.648,424.805,121.582,91.797
1641437267.312,38.086,17.090,512.695,104.492,144.531
1641437267.316,6.836,14.648,427.734,1.465,92.773
1641437267.320,20.508,10.254,205.078,-6.348,54.199
1641437267.324,53.223,8.789,381.348,73.730,116.699
1641437267.328,51.270,13.184,570.801,88.379,125.000
1641437267.332,20.020,9.277,238.281,1.953,60.059
1641437267.336,13.672,7.324,-194.336,-31.250,31.250
1641437267.339,45.410,17.578,133.789,65.918,104.980
1641437267.343,50.781,21.484,508.789,107.910,95.215
1641437267.347,12.695,19.531,287.109,13.184,33.691
1641437267.351,-5.371,19.043,100.586,-40.527,21.973
1641437267.355,19.043,17.578,238.281,25.879,41.016
1641437267.357,37.598,16.602,411.133,98.633,61.523
1641437267.361,12.695,12.695,290.039,26.367,46.387
1641437267.365,-8.301,9.277,8.789,-69.824,14.160
1641437267.369,10.254,8.301,94.727,-18.066,0.000
1641437267.373,42.969,8.789,302.246,67.871,-16.113
1641437267.377,32.715,12.695,131.836,44.922,-36.621
1641437267.381,2.441,17.578,-86.426,-61.035,-29.297
1641437267.384,16.602,23.438,-55.664,-70.312,-44.434
1641437267.388,50.293,23.926,126.953,41.992,-40.039
1641437267.392,48.340,17.090,-7.324,64.453,-55.664
1641437267.396,16.113,12.207,-110.352,-34.668,-49.316
1641437267.400,13.672,14.160,22.949,-70.312,-3.906
1641437267.401,46.387,19.043,45.898,13.184,13.184
1641437267.405,54.688,8.789,-60.547,79.590,-1.953
1641437267.409,15.137,-1.465,-29.297,3.418,-16.602
1641437267.413,-0.488,7.812,22.949,-66.406,-31.250
1641437267.417,31.738,13.672,-94.727,-1.953,-0.977
1641437267.421,48.828,16.113,-64.453,88.867,58.105
1641437267.425,20.996,13.672,-29.785,54.199,54.688
1641437267.428,-1.953,9.766,-83.496,-25.879,31.250
1641437267.432,18.066,11.230,-122.559,9.766,36.133
1641437267.436,48.340,16.113,-345.215,98.633,24.902
1641437267.440,49.805,20.020,-100.586,110.352,70.312
1641437267.444,17.578,12.695,119.629,14.648,96.680
1641437267.445,5.859,-0.977,-111.328,-15.137,32.715
1641437267.449,39.551,2.930,-60.547,84.473,17.090
1641437267.453,47.363,9.277,166.504,121.094,63.477
1641437267.457,14.648,11.719,120.117,29.785,106.445
1641437267.461,4.395,13.672,-76.172,-14.160,107.422
1641437267.465,33.691,14.160,-174.805,68.359,59.082
1641437267.469,53.223,16.602,10.742,142.090,121.582
1641437267.472,18.066,15.137,127.930,60.059,65.918
1641437267.476,-6.348,12.207,-319.336,-28.320,-49.805
1641437267.480,26.367,13.672,-409.180,16.602,-13.672
1641437267.484,52.246,11.230,169.434,89.355,23.926
1641437267.488,28.809,3.418,255.371,37.109,1.465
1641437267.491,-4.395,5.371,-21.973,-77.148,26.855
1641437267.495,14.160,14.648,-22.461,-67.871,36.133
1641437267.499,49.805,16.602,205.078,14.648,38.086
1641437267.503,39.062,15.625,221.191,0.977,56.641
1641437267.507,9.277,13.672,15.137,-99.609,2.930
1641437267.511,13.184,9.277,-147.461,-119.629,-50.781
1641437267.515,46.387,12.207,-89.844,-30.273,-18.066
1641437267.518,53.223,13.184,0.977,12.207,-26.367
1641437267.522,18.066,8.789,-274.902,-90.820,-71.289
1641437267.526,13.184,9.277,-185.547,-149.902,-32.715
1641437267.530,41.504,15.137,-0.977,-75.684,-13.184
1641437267.534,57.129,18.555,-84.473,-0.488,13.184
1641437267.566,32.715,16.113,-56.641,-56.641,47.363
1641437267.570,6.348,10.254,-39.551,-140.137,48.828
1641437267.574,30.273,9.766,-77.637,-86.426,6.836
1641437267.578,62.012,14.160,-7.812,15.137,-5.859
1641437267.582,44.922,13.184,-27.832,1.953,24.902
1641437267.586,11.230,13.672,-303.223,-89.355,6.836
1641437267.590,22.949,14.160,-353.027,-68.359,4.395
1641437267.593,53.711,7.812,-389.160,25.391,16.602
1641437267.597,45.898,4.395,-421.875,18.555,10.254
1641437267.601,10.742,11.230,-197.754,-76.172,23.438
1641437267.605,9.277,12.695,-269.043,-109.863,27.832
1641437267.609,34.180,7.812,-263.672,-33.691,64.941
1641437267.581,44.922,10.742,-114.258,12.695,62.500
1641437267.585,15.137,12.207,-182.617,-51.758,41.504
1641437267.589,-0.488,10.742,-415.527,-92.285,44.922
1641437267.593,29.297,13.184,-477.051,-20.996,70.801
1641437267.597,47.363,8.301,-167.969,75.195,112.305
1641437267.601,20.508,0.488,-191.406,37.109,73.242
1641437267.605,-2.930,8.301,-552.734,-40.039,32.227
1641437267.608,22.949,17.090,-553.711,22.461,42.480
1641437267.612,56.152,22.461,-265.625,133.301,43.457
1641437267.616,42.480,22.461,-90.332,142.090,48.828
1641437267.620,7.812,17.578,-308.594,48.828,62.988
1641437267.624,19.531,15.625,-494.629,44.922,37.598
1641437267.626,54.688,17.090,-216.309,149.902,37.109
1641437267.630,48.828,13.672,-29.785,164.062,101.562
1641437267.634,8.301,4.395,-393.066,53.711,105.469
1641437267.638,1.953,7.324,-721.680,2.930,83.496
1641437267.642,36.133,18.555,-459.473,86.914,95.215
1641437267.646,50.293,19.531,-258.301,142.578,126.953
1641437267.650,19.531,16.602,-508.301,44.434,100.098
1641437267.653,-1.953,11.230,-798.828,-40.039,31.738
1641437267.657,17.578,9.766,-431.152,5.371,80.078
1641437267.661,46.387,12.207,-139.648,88.867,117.188
1641437267.665,23.438,12.207,-193.848,52.246,119.629
1641437267.669,-9.277,3.906,-288.574,-47.363,111.328
1641437267.671,8.789,-1.465,-241.699,-18.555,124.512
1641437267.675,39.062,7.324,-177.246,81.055,131.836
1641437267.679,28.320,16.113,-182.617,88.867,115.723
1641437267.683,-9.277,21.484,-219.727,-12.695,61.523
1641437267.687,-2.930,22.461,-254.395,-16.602,29.785
1641437267.691,36.133,15.137,-272.461,95.215,113.281
1641437267.695,39.062,10.254,-420.898,122.559,127.930
1641437267.698,7.812,8.789,-376.465,24.902,64.941
1641437267.702,-0.977,12.207,-252.930,-20.508,23.438
1641437267.706,33.203,15.625,-266.113,68.359,29.785
1641437267.710,52.246,13.184,-243.164,131.836,59.570
1641437267.714,20.996,13.672,-145.508,51.270,25.391
1641437267.719,2.930,14.648,-175.781,-21.973,-10.742
1641437267.723,22.949,16.602,-168.457,33.203,16.602
1641437267.727,51.270,20.020,-28.809,120.117,27.344
1641437267.731,38.086,20.020,94.727,91.797,1.465
1641437267.735,10.254,19.531,-7.812,-6.836,22.461
1641437267.739,34.668,21.484,-166.016,21.484,43.945
1641437267.743,54.688,7.324,-96.191,114.746,45.898
1641437267.746,27.832,0.000,103.516,104.492,62.012
1641437267.750,-4.395,8.301,68.848,7.812,32.715
1641437267.754,-1.465,2.930,-208.496,-13.672,-24.414
1641437267.758,28.320,-1.953,-108.887,76.172,-34.668
1641437267.762,33.203,4.883,236.328,120.605,7.324
1641437267.775,-0.488,9.277,106.445,25.879,2.930
1641437267.779,-9.277,7.812,-148.438,-29.297,-35.156
1641437267.783,25.879,13.672,47.363,46.875,16.602
1641437267.787,45.898,21.973,323.242,116.699,69.824
1641437267.791,18.066,17.578,292.969,53.711,34.668
1641437267.795,-4.883,6.348,-234.375,-39.551,-14.648
1641437267.799,21.973,10.254,-322.266,-0.488,-41.016
1641437267.802,52.246,12.207,238.770,83.984,-7.812
1641437267.806,35.645,5.371,278.320,71.777,6.348
1641437267.810,10.742,14.160,97.168,-19.043,7.812
1641437267.814,23.926,23.438,120.117,-19.531,4.883
1641437267.818,54.199,23.438,229.492,82.031,18.066
1641437267.821,58.105,21.973,212.402,102.539,43.457
1641437267.825,28.320,21.973,41.992,4.395,2.930
1641437267.829,23.438,20.508,48.340,-35.156,-9.277
1641437267.833,51.758,17.578,172.852,49.805,34.668
1641437267.837,58.105,15.625,136.719,106.445,69.336
1641437267.841,17.090,10.254,-105.957,19.531,3.418
1641437267.845,-7.324,7.812,-244.141,-46.387,-69.824
1641437267.848,18.555,11.230,-12.695,25.879,-19.043
1641437267.852,42.480,15.625,-22.461,111.328,-4.395
1641437267.856,23.926,23.438,-218.750,59.082,-43.457
1641437267.860,-1.465,23.438,-3.418,-27.832,-23.926
1641437267.864,18.066,20.508,84.961,15.137,31.250
1641437267.865,45.410,14.648,82.520,100.098,53.223
1641437267.869,32.715,10.254,143.066,82.031,36.133
1641437267.873,3.418,6.836,60.547,-26.855,-1.465
1641437267.877,8.789,7.324,-176.758,-31.250,7.324
1641437267.881,43.457,18.066,-75.684,84.473,41.504
1641437267.885,45.898,19.043,91.309,116.699,31.738
1641437267.889,10.742,17.578,-64.941,21.484,12.207
1641437267.892,8.789,18.555,-162.109,-18.066,-23.926
1641437267.896,39.062,15.625,-400.879,67.871,-61.035
1641437267.900,53.711,18.555,-139.648,144.043,-9.766
1641437267.904,27.344,15.137,155.273,78.613,-4.395
1641437267.908,13.184,10.742,-50.781,14.648,-42.480
1641437267.910,43.457,11.719,-11.230,71.289,-22.949
1641437267.914,62.500,12.695,188.965,148.438,-20.996
1641437267.918,36.621,15.625,240.723,105.957,14.160
1641437267.922,10.254,17.578,-4.395,-0.977,7.812
1641437267.926,27.344,18.555,-80.566,15.137,7.812
1641437267.930,58.594,20.996,-47.852,100.098,-1.465
1641437267.934,53.223,20.996,-85.938,93.262,-10.254
1641437267.937,15.625,15.137,-453.613,-3.906,-26.855
1641437267.941,6.836,11.719,-704.590,-20.996,-33.203
1641437267.945,38.086,14.160,-214.844,77.148,23.926
1641437267.949,42.969,9.277,39.062,111.816,71.777
1641437267.953,2.930,1.953,-145.996,19.043,23.926
1641437267.956,-8.301,5.371,-187.500,-30.273,12.207
1641437267.960,20.996,8.789,-41.016,45.410,60.547
1641437267.964,34.668,10.742,37.598,118.652,82.520
1641437267.968,3.418,11.230,-23.438,49.805,73.242
1641437267.972,-19.043,13.672,-102.051,-24.414,39.551
1641437267.976,5.371,10.742,-206.055,28.320,39.551
1641437267.980,38.574,8.301,-187.500,121.094,66.406
1641437267.983,25.879,13.184,-199.707,91.309,70.801
1641437267.987,-7.324,13.672,-187.012,-17.090,57.617
1641437267.991,10.254,14.160,-95.215,-0.977,44.434
1641437267.995,48.340,8.789,-24.902,103.027,39.062
1641437267.999,45.898,8.301,-99.609,112.793,12.207
1641437268.001,11.230,13.672,-10.254,16.602,17.090
1641437268.005,13.184,14.160,61.035,-3.418,75.195
1641437268.009,46.875,11.230,43.457,98.145,95.703
1641437268.013,48.340,9.277,199.219,147.949,79.102
1641437268.017,17.090,11.719,209.473,62.012,57.617
1641437268.021,5.859,11.230,-23.926,9.277,36.133
1641437268.025,30.762,11.230,-252.441,79.102,41.504
1641437268.028,45.410,9.277,-240.723,152.344,24.414
1641437268.032,12.695,5.859,166.504,96.191,36.133
1641437268.036,-15.137,8.301,173.340,3.418,36.133
1641437268.040,8.789,12.695,16.113,35.645,10.742
1641437268.044,34.180,14.648,125.977,116.211,36.621
1641437268.047,31.250,20.020,191.895,97.168,76.172
1641437268.051,7.324,12.695,67.871,-3.418,49.805
1641437268.055,-4.395,0.000,-220.703,-23.926,15.625
1641437268.059,24.902,4.883,-37.598,68.848,33.203
1641437268.063,33.691,7.812,197.754,89.844,95.215
1641437268.067,-1.953,5.371,-179.199,-6.836,77.637
1641437268.071,-1.953,4.395,-465.820,-25.879,28.809
1641437268.074,31.738,4.395,-120.117,72.266,62.012
1641437268.078,38.574,11.719,220.703,122.070,93.262
1641437268.082,10.254,17.090,-64.453,47.852,70.801
1641437268.086,-11.719,15.625,-469.727,-5.371,-13.672
1641437268.090,16.602,11.719,-161.133,61.035,5.371
1641437268.106,47.363,15.137,223.633,152.344,55.176
1641437268.110,20.020,13.672,66.406,67.383,8.301
1641437268.114,-5.371,9.277,-218.750,-55.176,-48.828
1641437268.118,22.949,16.113,-151.367,-4.883,-7.324
1641437268.122,62.500,20.996,71.289,99.609,25.879
1641437268.126,48.340,11.719,-116.211,91.309,15.137
1641437268.130,12.695,7.812,-675.781,-21.973,4.883
1641437268.133,20.020,16.113,-508.789,-22.461,17.578
1641437268.137,46.875,19.043,-8.301,90.820,79.590
1641437268.141,47.363,20.020,55.664,119.629,96.191
1641437268.145,14.160,13.672,-42.480,29.297,57.617
1641437268.149,8.789,10.742,-169.434,-12.207,47.363
1641437268.151,38.574,12.695,-141.602,70.801,75.684
1641437268.155,40.039,8.789,-48.340,136.719,102.539
1641437268.159,3.418,8.789,-4.883,53.711,75.195
1641437268.163,-10.742,11.719,-104.980,-21.484,8.301
1641437268.167,18.066,1.953,-210.938,35.645,54.199
1641437268.171,43.945,-2.441,-216.797,106.934,84.961
1641437268.175,26.855,9.277,-222.168,64.453,52.246
1641437268.178,-1.465,14.160,-259.766,-40.039,80.566
1641437268.182,14.160,10.742,-363.281,-27.344,51.758
1641437268.186,45.898,13.184,-317.871,62.500,17.578
1641437268.190,39.551,17.578,-66.895,62.012,71.777
1641437268.194,13.672,18.066,-138.672,-28.320,56.152
1641437268.197,16.113,13.672,-468.262,-49.316,16.113
1641437268.201,44.922,10.254,-718.750,36.133,-10.254
1641437268.205,50.293,12.207,-362.305,74.219,7.812
1641437268.209,12.695,7.812,-104.492,-5.859,59.082
1641437268.213,-0.977,6.348,-300.293,-41.016,23.438
1641437268.217,24.902,11.719,-364.746,40.527,-31.250
1641437268.221,42.480,16.602,-255.371,115.723,-6.836
1641437268.224,7.812,15.137,-155.762,48.828,38.574
1641437268.228,-14.160,13.672,-467.285,-34.180,11.230
1641437268.232,22.461,18.066,-744.629,25.391,-40.527
1641437268.236,51.270,13.184,-210.938,116.699,17.578
1641437268.240,35.645,11.230,131.836,93.750,74.707
1641437268.241,10.742,9.277,-118.164,5.371,25.391
1641437268.245,28.809,7.812,-128.418,25.391,68.359
1641437268.249,60.059,12.695,118.652,125.977,116.211
1641437268.253,57.617,16.602,151.367,137.695,86.914
1641437268.257,23.926,19.043,-84.473,31.250,30.762
1641437268.261,12.207,14.160,-221.680,0.488,-2.441
1641437268.265,44.922,14.648,-103.516,95.703,48.340
1641437268.268,58.105,15.625,18.555,141.602,67.871
1641437268.272,25.391,14.648,-280.273,53.223,20.996
1641437268.276,10.254,18.066,-206.055,-9.766,15.625
1641437268.280,40.039,16.113,23.438,62.988,21.484
1641437268.284,56.152,18.066,-44.434,141.113,36.133
1641437268.280,27.832,18.555,73.730,75.684,33.203
1641437268.284,9.277,19.043,152.832,-20.508,65.430
1641437268.288,24.414,19.043,154.297,13.672,62.012
1641437268.292,44.922,13.184,129.395,106.934,20.996
1641437268.296,31.250,13.672,152.832,87.891,44.434
1641437268.300,3.418,13.184,101.562,-20.508,36.621
1641437268.304,10.254,12.207,-25.879,-22.461,24.902
1641437268.307,35.156,13.184,41.016,73.730,21.973
1641437268.311,33.203,3.906,150.879,92.773,16.602
1641437268.315,0.000,3.418,127.930,-2.441,-14.648
1641437268.319,0.977,11.719,84.961,-34.668,1.465
1641437268.323,34.668,15.625,141.602,51.758,29.297
1641437268.332,40.527,16.113,293.457,95.215,46.387
1641437268.336,4.395,12.207,254.395,5.371,36.621
1641437268.340,-13.184,11.719,80.566,-55.664,-11.719
1641437268.344,14.160,11.719,-123.535,2.930,-23.438
1641437268.348,38.574,9.766,-175.781,70.801,25.879
1641437268.352,21.484,9.766,-118.164,24.902,26.855
1641437268.356,-0.977,5.859,-123.047,-70.312,-34.180
1641437268.359,6.836,6.348,67.383,-46.387,-43.945
1641437268.363,36.133,12.207,379.883,41.992,9.766
1641437268.367,36.133,14.160,413.086,37.109,31.250
1641437268.371,8.301,14.160,87.891,-71.289,-2.930
1641437268.375,18.555,15.137,-99.609,-92.773,-13.672
1641437268.376,59.082,17.578,41.504,14.160,-17.578
1641437268.380,65.430,21.484,147.949,50.781,23.926
1641437268.384,28.320,23.926,-68.359,-42.969,-9.277
1641437268.388,18.555,21.973,-251.465,-88.867,-73.730
1641437268.392,48.828,18.066,-220.703,5.859,-26.367
1641437268.396,62.988,13.672,-138.672,83.496,14.160
1641437268.400,24.414,14.160,-415.039,0.000,-4.395
1641437268.403,1.953,17.578,-733.887,-69.336,-39.062
1641437268.407,30.762,21.973,-336.426,-9.277,-22.949
1641437268.411,53.223,22.461,-10.254,65.918,13.672
1641437268.415,36.133,19.043,-72.266,30.762,11.230
1641437268.419,13.184,19.531,-146.484,-63.965,-8.301
1641437268.420,20.020,16.602,-76.172,-43.457,-0.488
1641437268.424,45.898,14.648,-63.477,34.180,-38.086
1641437268.428,37.598,10.254,-138.672,23.926,-58.105
1641437268.432,5.859,5.371,-147.461,-62.012,-39.551
1641437268.436,3.418,6.836,-153.809,-70.801,-43.945
1641437268.440,30.273,6.348,-236.328,31.250,-48.340
1641437268.444,36.133,12.207,-364.258,75.195,-21.973
1641437268.447,2.930,10.742,-317.871,-7.812,7.324
1641437268.451,-3.418,6.836,-211.914,-45.410,6.348
1641437268.455,28.320,10.254,-223.633,41.504,34.180
1641437268.459,44.922,15.137,-105.469,118.164,84.473
1641437268.463,16.602,14.648,53.711,47.363,86.426
1641437268.482,1.465,12.207,-93.750,-30.273,53.711
1641437268.486,31.250,13.672,-234.375,20.996,50.781
1641437268.490,54.199,15.625,-146.484,103.027,71.289
1641437268.494,38.574,14.648,-16.602,87.402,99.121
1641437268.498,7.812,10.742,-152.344,-12.207,76.172
1641437268.502,17.578,6.348,-372.070,-8.789,59.082
1641437268.506,58.105,10.254,-336.914,94.727,92.773
1641437268.509,52.734,15.625,-90.332,102.539,131.836
1641437268.513,9.766,15.137,-75.684,-4.395,146.973
1641437268.517,8.789,16.602,-521.973,-49.316,72.754
1641437268.521,40.527,16.113,-487.793,47.363,15.137
1641437268.525,46.387,11.230,-51.270,109.375,54.199
1641437268.525,11.719,9.277,-167.969,25.391,46.875
1641437268.529,-4.395,9.277,-429.688,-28.320,7.812
1641437268.533,20.508,10.742,-324.219,51.270,6.348
1641437268.537,31.738,8.789,-9.766,139.648,41.504
1641437268.541,5.859,7.324,-122.070,85.938,13.184
1641437268.545,-17.578,8.789,-444.824,-0.977,-24.414
1641437268.549,1.465,12.207,-425.293,31.738,30.762
1641437268.552,31.738,15.137,-69.824,114.258,70.312
1641437268.556,13.672,15.137,-55.664,90.332,46.875
1641437268.560,-20.020,2.441,-514.160,-18.066,-1.465
1641437268.564,-6.836,0.977,-367.676,-16.602,8.301
1641437268.568,32.715,17.090,-76.660,76.172,27.344
1641437268.570,31.738,18.555,-85.938,82.520,7.812
1641437268.574,-3.418,13.672,-188.477,-16.602,-10.742
1641437268.578,0.000,20.996,-134.277,-48.828,10.254
1641437268.582,33.203,21.973,31.738,40.039,42.480
1641437268.586,43.457,16.113,-41.992,105.469,21.484
1641437268.590,12.207,12.207,-269.531,35.156,-18.066
1641437268.594,-3.418,15.137,-312.012,-21.484,-5.371
1641437268.597,28.320,15.137,-92.773,48.340,-3.906
1641437268.601,52.246,7.324,-157.715,134.277,-18.555
1641437268.605,24.902,9.766,-210.449,92.285,-3.906
1641437268.609,-1.465,11.230,61.035,-0.977,8.301
1641437268.613,13.672,11.230,65.918,29.297,23.438
1641437268.615,40.527,14.648,165.527,124.512,24.414
1641437268.619,34.668,17.090,318.359,115.723,12.207
1641437268.623,0.000,18.555,308.594,16.602,40.527
1641437268.627,-0.977,12.207,69.824,2.441,47.363
1641437268.631,26.367,9.766,-0.488,94.727,30.762
1641437268.635,22.461,6.348,168.945,125.488,54.199
1641437268.639,-5.859,8.789,155.273,30.273,51.270
1641437268.642,-13.184,15.137,57.617,-18.066,46.875
1641437268.646,15.625,13.672,-90.332,58.594,38.574
1641437268.650,30.273,13.184,234.375,122.070,43.945
1641437268.654,6.836,17.578,384.277,59.082,33.203
1641437268.658,-3.906,15.137,11.230,-12.695,16.602
1641437268.661,20.996,9.277,-137.207,28.809,37.109
1641437268.665,51.758,11.230,-0.977,111.816,71.777
1641437268.669,34.180,20.020,-33.203,82.520,96.680
1641437268.673,4.395,25.391,-382.324,-28.320,77.637
1641437268.677,19.043,23.438,-673.340,-20.020,20.996
1641437268.681,39.551,19.531,-644.043,65.430,45.410
1641437268.685,28.320,19.531,-714.844,61.035,98.633
1641437268.688,0.000,20.020,-932.129,-27.832,32.715
1641437268.692,4.883,18.066,-994.141,-42.480,-16.113
1641437268.696,41.504,21.973,-846.191,63.965,42.480
1641437268.700,58.105,25.391,-738.770,115.723,93.750
1641437268.704,26.367,22.461,-916.992,20.508,63.477
1641437268.705,2.930,17.090,-984.863,-36.621,34.668
1641437268.709,23.926,10.742,-960.938,29.785,68.848
1641437268.713,52.246,18.555,-970.703,103.027,100.098
1641437268.717,31.738,20.020,-969.238,34.180,76.660
1641437268.721,4.883,11.230,-969.727,-50.781,66.406
1641437268.725,23.438,8.301,-969.238,16.113,64.453
1641437268.729,43.945,7.812,-969.238,114.258,44.922
1641437268.732,26.367,12.207,-969.238,87.402,43.457
1641437268.736,-1.953,16.113,-969.238,-9.766,70.312
1641437268.740,4.883,14.648,-969.238,6.836,88.379
1641437268.744,37.598,15.625,-969.238,96.680,110.840
1641437268.748,34.180,16.113,-969.727,88.867,83.984
1641437268.750,-5.371,17.090,-969.238,-10.742,79.590
1641437268.754,-7.324,15.137,-969.238,-42.969,37.598
1641437268.758,28.320,12.695,-969.238,51.758,46.387
1641437268.762,38.086,8.301,-969.238,113.770,94.727
1641437268.766,4.395,11.719,-970.215,29.785,57.617
1641437268.770,-10.254,21.973,-962.891,-38.574,39.062
1641437268.774,17.578,21.484,-980.469,25.879,55.664
1641437268.777,32.227,20.020,-920.898,105.957,39.062
1641437268.781,5.371,22.949,-750.488,62.012,48.340
1641437268.785,-15.625,21.973,-782.715,-25.879,18.066
1641437268.789,10.742,18.066,-764.160,10.254,-10.742
1641437268.793,41.992,16.602,-622.070,93.262,45.410
1641437268.797,27.832,20.508,-557.129,78.613,58.594
1641437268.801,0.488,22.461,-584.961,-14.648,38.574
1641437268.805,16.113,19.043,-783.691,-17.090,51.758
1641437268.809,51.270,20.508,-493.164,88.867,100.586
1641437268.813,48.828,19.531,-153.809,114.258,114.258
1641437268.817,15.137,17.090,-422.852,11.719,77.148
1641437268.821,11.230,18.555,-737.793,-28.809,43.457
1641437268.824,46.387,25.879,-413.086,55.176,89.844
1641437268.828,58.105,27.832,17.090,110.352,134.277
1641437268.832,23.438,23.438,-27.832,28.320,95.215
1641437268.836,1.465,19.531,-152.832,-51.758,41.504
1641437268.840,27.344,15.137,-36.133,8.301,31.250
1641437268.857,52.734,15.137,212.402,99.609,74.707
1641437268.861,30.762,20.996,233.887,49.805,96.191
1641437268.865,11.719,26.367,2.441,-50.293,54.688
1641437268.869,27.832,25.391,9.766,-20.508,15.137
1641437268.873,49.805,20.996,410.156,66.406,73.242
1641437268.877,35.645,18.066,229.980,37.598,64.941
1641437268.881,0.000,19.043,-235.352,-84.961,-41.016
1641437268.884,5.371,26.367,70.801,-89.355,-49.316
1641437268.888,38.574,25.391,407.227,19.043,26.367
1641437268.892,45.410,20.508,473.633,46.387,42.969
1641437268.896,17.090,16.113,474.121,-39.062,26.367
1641437268.900,3.418,14.160,440.918,-74.219,15.625
1641437268.901,29.785,15.625,403.809,1.465,-26.367
1641437268.905,46.875,16.113,459.961,83.008,-33.203
1641437268.909,17.578,19.043,479.980,26.367,-27.832
1641437268.913,-4.395,18.066,351.074,-48.828,-10.742
1641437268.917,18.066,18.066,254.395,10.254,-5.371
1641437268.921,45.410,17.090,213.867,99.609,3.418
1641437268.925,25.391,15.137,133.301,69.336,-0.488
1641437268.928,-2.441,16.113,37.598,-35.645,-25.879
1641437268.932,25.879,19.531,53.223,-10.742,-26.367
1641437268.936,84.473,26.367,-157.227,106.445,-17.090
1641437268.940,63.477,20.996,-67.871,108.887,1.465
1641437268.944,-9.277,8.301,121.094,4.883,24.414
1641437268.946,-4.395,4.395,-251.465,-0.977,16.113
1641437268.950,44.922,4.883,-422.363,117.188,28.320
1641437268.954,56.641,2.930,-291.504,168.457,93.262
1641437268.958,18.066,2.930,-558.105,68.848,76.172
1641437268.962,2.441,5.371,-891.113,16.602,12.207
1641437268.966,43.457,8.301,-974.609,84.961,26.855
1641437268.970,69.336,8.789,-962.891,152.832,112.793
1641437268.973,43.457,6.836,-958.496,94.727,126.953
1641437268.977,13.672,4.395,-961.426,2.930,42.480
1641437268.981,29.785,1.953,-979.492,47.852,41.992
1641437268.985,74.219,7.324,-861.816,147.949,99.609
1641437268.989,59.082,6.348,-780.273,127.930,132.812
1641437268.991,24.902,6.348,-923.828,40.039,82.031
1641437268.995,52.246,8.301,-935.059,55.664,44.434
1641437268.999,86.914,6.836,-670.410,153.809,141.602
1641437269.003,86.426,3.418,-579.590,170.898,158.203
1641437269.007,50.293,-2.930,-705.566,63.477,105.957
1641437269.011,47.852,-2.441,-856.445,26.855,54.199
1641437269.015,92.285,-2.441,-684.570,135.254,60.059
1641437269.018,98.145,-0.977,-412.598,184.570,117.676
1641437269.022,56.152,6.836,-736.328,79.102,64.941
1641437269.026,37.598,9.277,-674.316,4.395,39.062
1641437269.030,62.500,8.789,-347.656,62.500,60.547
1641437269.034,80.566,10.254,-397.949,140.625,53.223
1641437269.035,54.688,10.254,-325.684,98.145,99.121
1641437269.039,28.809,13.184,-177.246,12.695,129.883
1641437269.043,53.711,15.625,-240.234,49.316,92.773
1641437269.047,82.031,15.137,-171.387,140.137,83.496
1641437269.051,65.918,13.672,-34.668,125.000,92.773
1641437269.055,33.203,5.859,-257.324,18.066,74.707
1641437269.059,39.062,2.441,-345.703,10.254,65.918
1641437269.062,66.895,4.883,-302.734,103.027,103.516
1641437269.066,62.012,8.789,-302.734,108.398,97.656
1641437269.070,28.320,13.184,-91.309,2.441,95.215
1641437269.074,24.902,19.043,-113.281,-40.527,96.191
1641437269.078,59.082,19.531,-180.176,34.180,59.082
1641437269.081,76.172,15.625,-32.227,101.562,71.289
1641437269.085,46.387,9.766,-38.574,35.156,62.500
1641437269.089,25.879,7.324,-280.762,-26.855,19.043
1641437269.093,52.734,13.184,-245.605,40.039,32.715
1641437269.097,76.172,11.719,56.641,120.605,57.129
1641437269.101,49.805,14.160,99.609,77.148,68.359
1641437269.105,20.996,16.113,-236.328,-24.414,33.691
1641437269.108,37.109,5.371,-459.473,1.953,1.953
1641437269.112,66.406,9.277,-44.434,110.352,46.875
1641437269.116,60.547,18.066,242.676,114.258,64.941
1641437269.120,26.855,20.020,-46.387,18.066,18.555
1641437269.124,22.949,12.207,-172.363,1.465,16.602
1641437269.125,53.711,13.672,85.449,99.121,14.160
1641437269.129,59.082,20.996,275.879,137.695,52.734
1641437269.133,23.926,16.602,100.586,37.598,78.125
1641437269.137,17.090,15.137,-45.898,-19.531,15.625
1641437269.141,48.828,12.695,40.039,54.688,27.344
1641437269.145,60.547,10.742,113.281,116.211,103.516
1641437269.149,28.320,7.324,-132.812,37.598,72.754
1641437269.152,9.277,9.277,-408.691,-38.086,13.184
1641437269.156,35.156,15.137,-67.871,17.090,8.301
1641437269.160,55.176,14.648,212.402,103.027,28.320
1641437269.164,30.273,16.113,146.484,76.660,40.527
1641437269.168,2.441,17.090,66.406,-18.066,50.781
1641437269.171,18.555,16.602,52.734,-1.465,33.691
1641437269.175,50.293,19.531,123.047,80.566,1.465
1641437269.179,41.992,15.625,147.949,79.590,26.855
1641437269.183,9.766,12.207,-8.301,-11.230,9.277
1641437269.187,14.160,17.090,-112.305,-30.762,-21.484
1641437269.191,47.363,12.695,-157.227,70.312,-51.758
1641437269.195,50.293,9.277,-284.180,111.328,-32.227
1641437269.198,13.672,16.113,-205.566,16.602,24.414
1641437269.202,2.441,14.648,-80.078,-40.039,-0.488
1641437269.206,33.691,14.648,-164.062,31.250,-36.621
1641437269.210,56.152,23.926,-38.574,117.188,16.113
1641437269.214,38.574,27.344,154.297,67.383,30.273
1641437269.230,5.859,16.602,29.297,-20.996,3.418
1641437269.234,5.859,10.742,-209.473,11.719,-31.250
1641437269.238,31.738,12.695,-162.109,99.609,4.883
1641437269.242,21.484,4.883,14.648,78.125,18.066
1641437269.246,-4.395,1.953,-116.211,-14.160,-35.645
1641437269.250,10.254,1.953,-303.711,-1.953,-28.809
1641437269.254,40.039,6.348,-247.559,97.168,-27.344
1641437269.257,34.668,15.137,38.086,108.887,33.203
1641437269.261,-2.930,13.672,10.742,-3.418,54.199
1641437269.265,-6.348,9.766,-444.824,-41.504,-43.945
1641437269.269,27.832,12.695,-448.242,54.688,-33.691
1641437269.273,37.109,12.695,44.922,119.141,16.113
1641437269.275,10.254,15.137,41.504,36.621,24.902
1641437269.279,0.977,24.414,-273.438,-32.715,25.391
1641437269.283,34.668,24.414,-171.387,20.020,10.254
1641437269.287,57.129,17.578,160.156,95.703,58.105
1641437269.291,31.250,18.066,70.801,51.270,93.262
1641437269.295,9.766,23.438,-257.812,-32.227,59.570
1641437269.299,32.227,25.391,-301.758,12.695,23.438
1641437269.302,60.547,21.484,-29.297,104.004,10.254
1641437269.306,43.457,20.996,26.367,84.961,29.785
1641437269.310,7.812,22.949,-302.246,-8.789,29.785
1641437269.314,15.625,22.461,-177.734,-16.602,-4.395
1641437269.318,44.922,22.461,128.418,71.289,-4.395
1641437269.321,41.992,21.484,122.070,99.609,8.301
1641437269.325,4.395,11.719,-24.902,3.418,19.043
1641437269.329,0.000,10.742,-64.453,-33.203,36.621
1641437269.333,28.320,16.113,153.320,54.688,23.438
1641437269.337,39.062,18.555,206.543,111.816,4.883
1641437269.341,11.230,24.902,-10.742,29.785,-19.531
1641437269.345,-12.207,20.508,-38.086,-42.969,-33.691
1641437269.348,16.602,14.160,153.320,15.625,2.441
1641437269.352,40.039,13.184,27.344,86.426,-2.930
1641437269.356,17.578,15.137,-95.703,36.133,-13.184
1641437269.360,-3.418,21.973,135.742,-45.410,12.695
1641437269.364,16.602,21.484,83.008,-14.648,-23.438
1641437269.365,52.734,13.672,116.699,67.383,-15.137
1641437269.369,49.805,16.602,237.305,58.105,53.711
1641437269.373,16.113,23.438,177.734,-35.645,114.746
1641437269.377,18.066,21.973,-61.035,-42.480,49.316
1641437269.381,48.828,21.973,-141.113,53.223,-17.090
1641437269.385,56.152,25.879,-35.156,86.914,42.969
1641437269.389,21.484,26.367,-85.938,-6.348,56.641
1641437269.392,13.672,25.391,-223.145,-53.223,44.434
1641437269.396,43.945,20.996,-596.680,8.789,18.066
1641437269.400,65.430,20.508,-419.922,77.637,23.438
1641437269.404,45.898,23.926,-79.590,36.133,70.312
1641437269.408,17.578,18.555,-337.891,-37.598,76.172
1641437269.411,35.645,20.508,-347.168,4.395,58.594
1641437269.415,61.035,26.855,-43.457,89.844,136.230
1641437269.419,41.504,28.320,59.570,68.359,192.383
1641437269.423,11.719,25.391,-194.824,-24.414,93.750
1641437269.427,30.762,26.855,-304.688,1.465,56.152
1641437269.431,62.988,23.926,-179.688,99.121,127.441
1641437269.435,53.223,17.090,-200.684,103.516,139.160
1641437269.438,17.090,15.625,-432.129,25.391,75.684
1641437269.442,14.160,13.672,-426.758,-9.766,24.902
1641437269.446,48.340,11.719,-109.863,82.031,44.922
1641437269.450,56.152,16.602,68.359,125.000,90.820
1641437269.454,15.137,15.625,-242.188,4.395,46.387
1641437269.471,1.465,16.602,-413.574,-51.270,46.875
1641437269.475,31.250,19.531,-120.605,40.039,60.547
1641437269.479,45.898,20.508,7.324,104.492,62.012
1641437269.483,20.020,23.926,-58.594,26.367,67.871
1641437269.487,-5.859,20.996,-148.438,-47.852,62.012
1641437269.491,17.578,17.578,-179.199,7.324,72.754
1641437269.495,46.875,15.625,-182.617,95.215,70.801
1641437269.498,32.227,10.254,-279.785,90.332,54.199
1641437269.502,3.906,13.672,-210.938,-6.836,61.035
1641437269.506,13.184,20.996,-125.977,-9.766,80.078
1641437269.510,39.551,22.949,-165.527,99.121,80.078
1641437269.514,39.062,24.902,-79.590,123.535,64.453
1641437269.500,6.836,23.926,24.902,20.996,50.293
1641437269.504,1.465,20.020,-44.434,-26.855,30.273
1641437269.508,38.086,20.996,-90.820,59.570,46.387
1641437269.512,45.898,23.438,-22.461,106.934,48.340
1641437269.516,12.695,23.926,66.406,18.066,63.477
1641437269.520,2.930,21.973,-164.062,-37.598,48.828
1641437269.524,30.273,20.996,-193.848,21.484,44.434
1641437269.527,50.293,18.066,121.582,95.703,63.477
1641437269.531,29.297,15.625,116.211,56.152,35.645
1641437269.535,3.418,20.020,-34.180,-36.621,42.969
1641437269.539,25.391,22.461,-382.324,-17.578,3.906
1641437269.543,54.199,20.020,-346.680,72.266,26.855
1641437269.546,43.457,20.508,25.879,67.383,81.543
1641437269.550,13.184,20.508,-164.551,-38.574,-6.836
1641437269.554,18.066,16.113,-317.383,-44.922,-6.836
1641437269.558,50.781,15.625,-99.609,56.641,59.082
1641437269.562,49.316,14.160,165.527,84.961,83.496
1641437269.566,10.254,11.230,-62.500,-3.906,66.895
1641437269.570,0.488,14.160,-528.809,-42.969,0.977
1641437269.573,30.762,17.090,-329.590,29.785,20.996
1641437269.577,43.945,18.066,117.676,95.215,124.512
1641437269.581,13.184,12.207,1.465,30.762,73.730
1641437269.585,-0.977,13.184,-236.816,-34.668,12.207
1641437269.589,23.438,19.043,-103.027,26.367,52.734
1641437269.606,43.457,18.555,74.219,113.281,90.332
1641437269.610,28.320,19.043,72.266,74.219,82.520
1641437269.614,-1.465,14.160,-185.059,-25.879,38.574
1641437269.618,11.719,11.230,-274.414,-0.977,-4.395
1641437269.622,48.828,9.766,18.066,103.516,38.574
1641437269.626,41.992,9.766,-147.461,107.910,21.973
1641437269.630,7.812,18.066,-584.473,1.465,-79.590
1641437269.633,13.672,26.855,-321.777,-12.695,-48.828
1641437269.637,40.527,26.367,20.508,85.938,-7.812
1641437269.641,40.039,22.949,104.492,125.000,19.043
1641437269.645,6.836,22.461,103.027,30.762,43.457
1641437269.649,-3.906,18.066,41.504,-26.855,11.230
1641437269.651,24.414,16.602,68.848,49.316,62.500
1641437269.655,35.156,17.090,108.887,107.422,72.754
1641437269.659,0.488,19.043,137.207,22.461,-2.441
1641437269.663,-18.066,18.555,49.316,-63.477,-15.625
1641437269.667,4.883,13.184,-36.133,-18.555,-38.574
1641437269.671,31.250,11.719,11.719,64.941,-9.766
1641437269.675,16.113,19.043,24.902,43.457,35.645
1641437269.678,-13.672,22.949,-65.918,-52.734,20.508
1641437269.682,1.465,22.461,-80.566,-32.227,31.250
1641437269.686,36.133,23.438,-233.887,72.266,17.578
1641437269.690,34.180,24.414,-76.660,83.008,26.855
1641437269.694,0.488,17.578,183.594,-7.812,29.785
1641437269.696,-1.465,14.160,-13.672,-34.668,31.250
1641437269.700,30.273,15.625,-64.453,50.293,44.922
1641437269.704,28.809,11.719,125.000,92.285,71.289
1641437269.708,-8.789,8.789,111.328,-1.465,65.430
1641437269.712,-19.531,1.953,-174.316,-56.641,54.688
1641437269.716,15.137,4.883,-459.473,14.160,49.316
1641437269.720,35.156,13.184,-277.344,82.031,29.785
1641437269.723,10.742,15.137,83.984,20.508,58.105
1641437269.727,-4.883,8.789,-152.344,-56.152,9.277
1641437269.731,38.574,13.672,-476.074,13.672,-65.918
1641437269.735,83.008,35.156,0.488,111.816,24.414
1641437269.739,34.668,40.039,258.301,65.430,89.844
1641437269.756,-21.484,32.715,-28.809,-50.781,26.367
1641437269.760,-9.766,32.227,-34.668,-42.480,31.738
1641437269.764,17.090,34.668,162.109,50.781,47.363
1641437269.768,4.395,31.738,211.426,57.617,26.855
1641437269.772,-37.109,28.809,85.449,-49.805,-12.207
1641437269.776,-48.828,24.902,-61.523,-99.609,-13.184
1641437269.780,-17.090,27.344,108.398,-10.742,11.230
1641437269.783,-4.883,36.621,336.426,49.316,1.953
1641437269.787,-40.039,36.133,51.270,-37.109,-23.438
1641437269.791,-59.570,35.156,62.500,-105.957,-64.941
1641437269.795,-32.715,30.273,435.059,-47.852,-6.836
1641437269.799,-4.883,21.973,386.230,38.086,18.066
1641437269.785,-23.438,21.484,188.965,6.348,-18.555
1641437269.789,-43.945,23.438,382.812,-62.988,-22.949
1641437269.793,-22.461,25.879,497.559,-20.508,-41.992
1641437269.797,12.207,29.297,547.363,68.359,-10.254
1641437269.801,6.836,19.043,644.531,77.148,20.020
1641437269.805,-23.926,11.230,469.727,-8.789,-4.395
1641437269.809,-20.996,17.578,370.605,-29.297,0.000
1641437269.812,16.113,22.461,513.672,64.453,3.906
1641437269.816,20.020,20.020,633.301,85.449,21.973
1641437269.820,-13.184,18.555,629.395,-10.254,41.504
1641437269.824,-16.602,22.949,533.203,-46.387,-16.113
1641437269.828,18.555,27.832,257.812,28.320,-57.129
1641437269.832,37.598,29.785,280.273,84.473,-25.879
1641437269.836,9.277,28.809,568.359,22.461,57.617
1641437269.840,-7.812,25.879,377.930,-50.781,66.895
1641437269.844,26.367,23.438,276.367,1.953,20.020
1641437269.848,55.664,20.996,538.574,99.121,30.273
1641437269.852,33.691,18.555,561.035,67.871,40.527
1641437269.856,0.488,20.508,213.867,-28.809,19.531
1641437269.859,16.113,26.855,9.766,-4.395,16.113
1641437269.863,47.852,28.320,363.281,93.262,51.758
1641437269.867,43.945,28.320,720.703,108.887,95.703
1641437269.871,10.742,26.367,483.398,18.066,74.219
1641437269.875,9.766,23.438,302.246,-5.859,16.602
1641437269.876,41.992,24.414,526.855,88.379,48.340
1641437269.880,50.293,20.996,613.281,130.371,70.312
1641437269.884,17.090,17.090,417.480,39.062,62.988
1641437269.888,6.348,23.926,316.895,-13.184,93.262
1641437269.892,36.621,27.832,371.582,61.035,97.168
1641437269.896,46.875,21.484,407.227,126.465,91.309
1641437269.900,13.184,20.020,146.973,60.547,20.996
1641437269.903,-7.324,22.949,-203.125,-24.902,-19.043
1641437269.907,12.207,19.531,188.965,24.414,66.895
1641437269.911,38.574,20.508,610.352,121.582,116.699
1641437269.915,24.902,20.020,573.730,104.004,131.836
1641437269.919,-5.371,21.973,449.707,-2.930,155.762
1641437269.922,4.883,20.996,395.020,-14.160,131.836
1641437269.926,36.133,19.531,435.547,83.984,113.281
1641437269.930,35.156,27.344,459.473,109.863,123.047
1641437269.934,-0.977,30.762,401.367,16.113,93.262
1641437269.938,2.930,26.855,335.449,-11.719,53.223
1641437269.942,41.992,26.367,301.758,76.660,93.262
1641437269.946,45.410,22.949,181.641,109.863,95.215
1641437269.949,10.254,21.973,169.434,26.367,97.168
1641437269.953,6.836,20.996,228.027,-9.766,96.680
1641437269.957,42.969,19.043,212.891,70.801,59.082
1641437269.961,45.898,20.996,318.848,123.047,107.910
1641437269.965,12.207,22.461,396.973,48.340,85.449
1641437269.982,1.953,19.531,227.051,-32.227,51.758
1641437269.986,30.273,15.625,22.461,16.602,98.633
1641437269.990,65.430,22.461,91.309,116.211,120.605
1641437269.994,49.316,23.926,312.988,102.051,122.070
1641437269.998,8.301,21.973,252.930,-6.836,98.145
1641437270.002,16.113,24.414,-120.605,-21.973,47.852
1641437270.006,52.734,26.367,-379.395,72.266,48.828
1641437270.009,53.223,29.297,8.789,92.773,96.191
1641437270.013,19.531,30.762,190.918,-8.789,87.402
1641437270.017,13.184,26.367,17.578,-50.781,59.570
1641437270.021,43.457,20.996,75.195,37.109,76.660
1641437270.025,51.270,17.578,267.090,101.074,87.891
1641437270.041,18.066,16.602,172.363,13.184,69.336
1641437270.045,4.883,24.414,-125.000,-60.547,19.531
1641437270.049,31.738,27.832,-14.160,-8.301,10.254
1641437270.053,49.805,27.832,251.953,65.430,74.707
1641437270.057,21.484,25.391,168.457,30.762,65.918
1641437270.061,-0.977,19.531,-82.520,-55.176,23.926
1641437270.065,23.438,20.996,-183.594,-28.320,17.090
1641437270.068,50.293,21.973,95.215,65.430,70.801
1641437270.072,36.621,19.531,145.996,64.941,91.309
1641437270.076,2.441,21.484,-295.898,-35.645,38.086
1641437270.080,11.230,21.484,-202.148,-53.223,37.109
1641437270.084,45.410,16.602,118.164,46.387,57.129
1641437270.071,42.480,17.090,165.039,72.266,64.941
1641437270.075,10.254,21.973,-36.621,-25.391,52.246
1641437270.079,7.324,25.879,-150.391,-56.152,2.930
1641437270.083,38.086,25.879,37.598,21.484,4.883
1641437270.087,50.293,21.484,18.555,76.660,43.945
1641437270.091,24.414,19.043,-168.945,11.230,42.969
1641437270.095,8.789,19.043,-221.680,-60.547,7.812
1641437270.098,22.461,13.184,-82.031,-10.742,12.207
1641437270.102,45.410,11.230,60.059,75.684,31.738
1641437270.106,28.809,8.301,-0.977,41.504,1.465
1641437270.110,-5.859,3.418,-61.523,-50.781,-18.555
1641437270.114,1.953,9.766,-64.941,-32.715,-29.297
1641437270.115,31.250,14.648,-279.785,64.453,-29.297
1641437270.119,29.785,15.625,-205.078,71.777,-15.137
1641437270.123,-1.465,19.531,112.305,-30.273,35.156
1641437270.127,-1.465,17.090,-80.566,-51.270,35.156
1641437270.131,32.227,12.207,-138.672,44.434,45.898
1641437270.135,41.016,14.648,-6.836,88.867,76.172
1641437270.139,4.883,17.090,-90.332,1.465,48.340
1641437270.142,-6.348,15.625,-205.566,-50.293,26.855
1641437270.146,25.879,11.719,-429.688,14.648,2.441
1641437270.150,46.875,12.695,-160.645,84.961,13.672
1641437270.154,21.973,17.578,195.801,38.574,38.574
1641437270.158,0.000,15.625,-53.711,-42.480,16.113
1641437270.160,20.508,17.090,-141.602,-5.371,19.531
1641437270.164,48.828,20.020,61.523,74.219,70.801
1641437270.168,35.156,13.184,115.234,51.758,89.844
1641437270.172,-0.977,7.324,-197.754,-47.363,3.906
1641437270.176,12.207,13.184,-316.406,-42.969,-24.414
1641437270.180,46.387,21.484,-148.926,46.387,-3.418
1641437270.184,42.480,20.020,-151.367,42.969,-16.113
1641437270.187,7.812,15.625,-442.383,-62.012,-16.602
1641437270.191,4.395,8.789,-688.477,-99.609,-24.414
1641437270.195,43.457,10.742,-306.641,-20.020,-0.977
1641437270.199,55.176,17.578,-17.578,36.133,31.738
1641437270.203,21.484,18.555,-157.227,-34.668,15.625
1641437270.206,11.230,20.508,-279.297,-92.285,-24.902
1641437270.210,41.016,25.391,-246.582,-26.367,-67.871
1641437270.214,63.477,26.855,-172.852,64.941,-43.945
1641437270.218,37.598,26.367,-202.637,21.484,17.090
1641437270.222,10.254,23.926,-318.359,-62.500,9.766
1641437270.226,29.297,19.043,-397.949,-22.461,-9.277
1641437270.230,62.988,20.020,-345.703,55.176,-1.953
1641437270.233,53.711,18.555,-434.570,48.340,-25.879
1641437270.237,26.367,16.113,-408.203,-31.738,-22.949
1641437270.241,37.109,22.949,-280.762,-34.180,44.922
1641437270.245,63.477,28.320,-411.133,69.336,32.715
1641437270.249,62.988,24.414,-295.898,109.375,59.082
1641437270.250,22.461,19.043,-133.789,19.531,78.613
1641437270.254,6.836,19.043,-261.230,-21.484,19.043
1641437270.258,33.203,18.555,-270.996,68.848,50.293
1641437270.262,42.480,17.578,-101.562,146.484,95.703
1641437270.266,12.207,18.066,-79.102,69.336,44.922
1641437270.270,-5.371,13.672,-293.457,-1.465,31.250
1641437270.274,12.207,15.625,-560.059,46.387,48.340
1641437270.277,28.809,19.531,-397.949,114.746,62.500
1641437270.281,5.859,21.973,22.949,77.148,84.961
1641437270.285,-20.508,22.949,-125.977,-28.809,42.480
1641437270.289,0.977,19.043,-277.344,-12.695,32.227
1641437270.293,30.273,19.531,-59.570,75.195,104.980
1641437270.312,18.555,22.949,0.977,76.172,76.172
1641437270.316,-6.348,20.996,-140.625,-11.719,41.992
1641437270.320,4.395,19.531,-381.348,-24.902,7.812
1641437270.324,35.645,21.484,-211.426,84.473,17.578
1641437270.328,38.086,15.137,151.367,118.164,82.031
1641437270.332,7.324,10.254,-62.012,26.367,58.105
1641437270.336,-2.930,9.277,-512.695,-16.602,0.977
1641437270.339,24.414,13.184,-252.930,52.246,39.551
1641437270.343,41.992,19.043,187.988,110.840,87.891
1641437270.347,13.184,19.043,74.707,41.992,96.680
1641437270.351,-8.301,20.508,-113.281,-28.320,104.004
1641437270.355,17.578,20.020,-43.945,31.250,97.656
1641437270.356,44.434,14.160,71.289,115.723,71.289
1641437270.360,23.926,8.789,14.648,85.938,28.809
1641437270.364,-1.953,8.789,-192.871,-6.348,-44.922
1641437270.368,13.184,12.695,-251.953,8.301,-42.480
1641437270.372,37.598,13.184,-16.602,101.562,18.066
1641437270.376,30.762,17.578,-53.711,107.910,-5.859
1641437270.380,-4.395,22.461,-284.180,9.766,-9.766
1641437270.383,-11.719,18.555,-231.934,-26.367,-7.812
1641437270.387,27.832,13.672,41.992,68.848,-21.484
1641437270.391,37.598,10.742,-42.480,118.164,-17.090
1641437270.395,-4.395,11.230,-359.375,22.949,-53.711
1641437270.399,-2.930,15.137,-160.645,-24.902,-56.641
1641437270.389,44.434,16.113,40.039,60.059,-39.062
1641437270.393,55.176,24.414,100.586,128.906,-24.902
1641437270.397,5.371,23.926,127.930,54.199,-18.555
1641437270.401,-17.090,17.578,-33.203,-34.668,-33.203
1641437270.405,18.066,10.742,-192.383,8.789,-53.223
1641437270.409,47.363,7.812,-228.516,91.309,-49.805
1641437270.413,36.621,22.949,-231.445,65.918,-35.156
1641437270.416,-2.441,22.461,-217.773,-34.668,-46.875
1641437270.420,2.930,20.508,-290.527,-27.832,-51.758
1641437270.424,44.434,22.461,-441.406,63.477,-40.527
1641437270.428,40.527,21.973,-206.055,68.848,27.832
1641437270.432,5.859,23.438,-133.789,-25.879,73.730
1641437270.461,11.719,28.320,-430.664,-47.363,66.895
1641437270.465,42.969,20.996,-465.820,52.734,53.711
1641437270.469,51.758,3.418,-239.258,103.027,57.129
1641437270.473,20.508,3.906,-375.000,12.695,-4.883
1641437270.477,5.859,8.789,-759.766,-45.410,-106.445
1641437270.481,43.457,23.438,-1000.000,31.250,-151.367
1641437270.485,62.012,34.668,-766.602,111.328,-52.734
1641437270.488,41.992,35.156,-494.629,69.824,-5.859
1641437270.492,-3.418,13.672,-816.895,-38.086,-67.383
1641437270.496,11.719,14.160,-968.750,-8.301,-74.707
1641437270.500,57.617,30.273,-703.125,105.469,-49.316
1641437270.504,43.945,18.555,-664.062,95.215,13.672
1641437270.491,7.812,11.230,-907.715,-11.230,1.953
1641437270.495,5.859,15.137,-994.629,-24.902,-6.836
1641437270.499,36.621,22.461,-821.289,76.172,44.922
1641437270.503,37.598,27.344,-770.996,102.539,65.918
1641437270.507,1.465,24.414,-956.055,13.672,40.039
1641437270.511,-5.859,20.020,-978.027,-34.180,5.859
1641437270.515,29.297,20.508,-962.402,30.273,15.137
1641437270.518,52.734,21.484,-971.191,103.027,-19.043
1641437270.522,21.973,20.020,-969.238,37.598,-32.715
1641437270.526,3.418,22.461,-969.238,-30.762,-18.555
1641437270.530,29.785,15.625,-969.238,29.785,-14.160
1641437270.534,51.758,7.812,-969.238,119.141,-7.324
1641437270.537,32.715,15.137,-966.309,90.820,-7.812
1641437270.541,3.906,21.973,-970.215,0.000,17.578
1641437270.545,20.508,22.461,-922.852,20.508,33.691
1641437270.549,51.758,24.414,-797.363,113.770,58.105
1641437270.553,39.551,24.902,-671.875,110.840,72.266
1641437270.557,7.324,21.484,-867.188,-24.902,69.336
1641437270.561,15.625,19.531,-911.621,-54.688,86.426
1641437270.564,50.293,20.020,-879.395,56.152,42.969
1641437270.568,50.781,18.555,-871.094,82.031,30.762
1641437270.572,17.578,12.207,-602.539,-7.324,90.820
1641437270.576,13.672,12.207,-604.980,-42.480,52.734
1641437270.580,40.039,15.137,-580.566,27.344,50.293
1641437270.581,56.152,17.578,-277.344,85.449,129.883
1641437270.585,32.227,21.484,-208.008,-5.371,96.191
1641437270.589,11.230,25.391,-511.230,-97.656,32.715
1641437270.593,34.180,22.461,-579.102,-35.645,51.758
1641437270.597,53.711,17.090,-342.285,53.223,66.895
1641437270.601,26.367,15.137,-352.051,32.227,47.363
1641437270.605,-5.859,16.602,-535.156,-67.871,14.160
1641437270.608,12.695,13.672,-859.863,-64.941,-0.977
1641437270.612,51.270,16.602,-695.801,36.621,48.828
1641437270.616,49.316,30.273,-194.824,59.082,76.660
1641437270.620,23.438,30.273,-353.516,-27.832,53.711
1641437270.624,19.043,28.809,-609.863,-66.895,0.488
1641437270.641,38.574,33.691,-488.770,19.531,29.297
1641437270.645,40.039,26.367,-414.551,72.754,63.965
1641437270.649,4.395,15.625,-729.004,7.324,9.766
1641437270.653,-5.859,22.461,-971.191,-19.043,-1.953
1641437270.657,25.879,31.250,-958.008,54.199,27.344
1641437270.661,40.039,36.621,-967.773,127.441,71.289
1641437270.665,5.859,33.691,-969.238,76.660,30.762
1641437270.668,-30.273,32.227,-969.238,-12.207,-42.969
1641437270.672,-17.090,35.645,-969.238,53.223,-9.277
1641437270.676,4.883,35.645,-969.238,162.109,48.340
1641437270.680,-15.625,40.527,-969.238,142.578,60.547
1641437270.684,-49.805,45.898,-969.727,38.574,15.137
1641437270.685,-42.480,48.828,-969.238,18.555,19.043
1641437270.689,-18.555,47.363,-969.238,92.285,37.598
1641437270.693,-27.344,41.992,-969.238,104.980,21.973
1641437270.697,-59.082,46.875,-969.238,6.836,-1.465
1641437270.701,-61.523,56.641,-969.238,-32.715,-24.414
1641437270.705,-33.691,62.500,-969.238,31.250,-2.441
1641437270.709,-24.902,63.965,-969.238,59.570,22.461
1641437270.712,-62.012,60.059,-969.238,-42.969,1.953
1641437270.716,-80.078,59.082,-969.238,-125.977,-27.344
1641437270.720,-52.246,60.059,-965.332,-70.312,-17.090
1641437270.724,-31.738,51.270,-980.957,-10.254,-26.367
1641437270.728,-48.828,47.363,-911.133,-57.617,-6.836
1641437270.746,-65.918,48.828,-850.098,-145.996,22.461
1641437270.750,-38.086,40.039,-979.004,-123.535,-13.672
1641437270.754,-4.395,39.062,-822.266,-23.926,33.203
1641437270.758,-14.648,44.434,-518.066,-21.484,97.168
1641437270.762,-46.875,41.992,-618.652,-122.070,40.039
1641437270.766,-41.504,35.156,-876.953,-139.648,-20.996
1641437270.770,-5.859,33.691,-736.328,-42.969,13.672
1641437270.773,5.859,34.668,-343.750,-4.395,38.574
1641437270.777,-22.461,28.809,-220.703,-77.148,20.996
1641437270.781,-24.902,22.949,-516.113,-108.398,-19.043
1641437270.785,19.043,14.160,-567.383,-21.484,-38.086
1641437270.789,41.504,14.160,-50.293,57.129,-12.695
1641437270.791,10.742,22.461,104.004,-14.160,-27.344
1641437270.795,-5.371,21.484,-117.188,-88.867,-46.387
1641437270.799,29.785,18.555,-7.812,-32.227,5.859
1641437270.803,54.688,19.043,339.355,55.176,67.383
1641437270.807,31.738,16.113,366.699,25.879,72.266
1641437270.811,7.812,11.230,129.883,-62.012,33.691
1641437270.815,27.344,8.301,139.648,-24.902,45.898
1641437270.818,56.152,8.789,486.328,73.730,50.781
1641437270.822,50.293,4.883,564.941,83.496,51.270
1641437270.826,22.949,-6.348,413.574,5.859,62.012
1641437270.830,21.973,-3.418,554.199,-9.766,63.965
1641437270.834,54.199,5.859,791.016,68.848,93.750
1641437270.822,63.477,7.812,819.336,87.402,71.777
1641437270.826,30.273,4.883,526.367,0.000,17.090
1641437270.830,27.344,3.418,670.898,-35.156,26.367
1641437270.834,62.500,2.930,987.305,51.758,50.781
1641437270.838,79.590,1.465,929.199,132.812,43.945
1641437270.842,52.246,-0.488,827.148,58.105,13.672
1641437270.846,34.668,-5.371,938.965,-20.020,7.324
1641437270.849,55.664,-7.812,-1000.000,37.109,-11.719
1641437270.853,74.219,-9.277,998.047,106.445,-0.488
1641437270.857,60.059,-5.371,997.559,81.055,14.648
1641437270.861,29.785,-1.465,997.559,-1.953,-17.578
1641437270.865,38.574,-0.488,-990.723,10.742,-51.758
1641437270.866,69.336,-1.953,951.172,112.305,-98.633
1641437270.870,68.359,-1.953,947.266,123.535,-107.422
1641437270.874,41.992,0.000,-991.699,23.926,-67.871
1641437270.878,42.969,1.465,997.559,-11.230,-70.801
1641437270.882,77.637,1.953,999.023,99.609,-61.523
1641437270.886,85.938,-5.371,997.559,155.762,-6.348
1641437270.890,50.293,-8.789,-997.070,46.387,-5.859
1641437270.893,38.574,-3.418,992.188,-3.418,-36.621
1641437270.897,71.777,1.465,973.633,81.543,-20.996
1641437270.901,86.914,7.324,990.723,160.156,32.715
1641437270.905,55.176,10.742,-986.328,102.539,49.805
1641437270.909,30.762,4.395,965.332,12.695,13.672
1641437270.911,46.875,1.953,925.781,52.734,-54.199
1641437270.915,74.707,8.789,998.047,133.789,-16.113
1641437270.919,63.477,5.371,-996.582,117.188,75.195
1641437270.923,24.902,-1.465,996.094,31.738,35.156
1641437270.927,23.926,0.977,-998.535,25.391,0.000
1641437270.931,58.105,2.441,980.957,103.516,10.742
1641437270.935,68.848,9.277,-957.031,118.164,-8.301
1641437270.938,37.109,13.184,831.543,16.113,-66.406
1641437270.942,31.250,6.836,580.078,-28.809,-95.215
1641437270.946,66.895,13.672,903.320,38.574,-61.035
1641437270.950,76.660,17.090,-972.168,64.453,-42.969
1641437270.954,34.668,9.766,985.840,-24.414,-63.965
1641437270.956,15.625,6.348,994.141,-88.379,-93.750
1641437270.960,45.410,4.395,986.816,-32.227,-78.613
1641437270.964,62.988,-2.441,989.746,48.828,-32.227
1641437270.968,35.156,1.953,971.680,13.672,-22.461
1641437270.972,13.184,10.742,893.555,-82.031,-31.738
1641437270.976,35.156,16.113,757.324,-64.453,-50.293
1641437270.980,57.129,12.207,750.977,17.578,-62.988
1641437270.983,47.852,10.254,624.023,4.395,-68.848
1641437270.987,20.508,14.648,629.395,-90.332,-121.094
1641437270.991,29.785,11.719,689.941,-99.121,-131.836
1641437270.995,66.406,10.742,605.957,3.906,-95.703
1641437270.999,61.523,12.695,694.824,34.180,-141.113
1641437271.031,17.090,4.883,799.805,-68.848,-166.992
1641437271.035,17.578,0.488,735.352,-121.094,-139.648
1641437271.039,47.852,3.906,679.199,-60.059,-124.023
1641437271.043,52.246,7.324,784.668,-20.020,-91.797
1641437271.047,18.555,9.277,819.824,-104.492,-59.082
1641437271.051,-8.301,4.883,539.062,-191.406,-88.867
1641437271.055,20.020,5.859,237.793,-150.879,-111.328
1641437271.058,55.664,9.766,320.801,-77.148,-139.160
1641437271.062,41.016,13.184,684.082,-116.211,-168.457
1641437271.066,10.254,9.277,605.957,-208.984,-164.551
1641437271.070,18.066,0.000,476.562,-184.082,-168.945
1641437271.074,44.922,-1.465,608.887,-90.332,-180.664
1641437271.047,35.645,7.324,639.160,-77.637,-149.414
1641437271.051,-0.977,11.719,472.656,-143.066,-161.621
1641437271.055,-1.953,9.766,341.797,-141.602,-184.082
1641437271.059,33.691,13.672,534.180,-32.715,-131.836
1641437271.063,42.969,15.625,794.434,27.832,-84.961
1641437271.067,14.160,17.090,535.645,-38.086,-103.516
1641437271.071,21.973,20.996,313.477,-58.594,-82.520
1641437271.074,38.086,12.695,539.062,15.137,-28.809
1641437271.078,35.156,3.906,703.613,83.984,-2.930
1641437271.082,18.066,6.348,495.605,39.062,16.602
1641437271.086,-2.930,11.719,219.238,-32.715,7.324
1641437271.090,17.578,18.066,274.414,31.738,-5.371
1641437271.120,41.504,21.484,494.629,115.723,33.691
1641437271.124,21.484,23.438,288.086,78.613,21.973
1641437271.128,-8.789,23.926,-137.207,-23.438,4.883
1641437271.132,5.371,21.973,-67.871,-24.414,50.293
1641437271.136,40.527,16.113,189.941,77.637,78.125
1641437271.140,38.086,5.859,64.941,101.562,31.738
1641437271.144,6.836,2.930,-369.629,14.160,-40.527
1641437271.147,9.277,12.695,-194.336,-6.836,-45.410
1641437271.151,44.434,18.066,93.262,91.797,-30.762
1641437271.155,51.758,17.090,84.961,158.203,-28.809
1641437271.159,12.695,18.066,-3.418,91.309,-21.484
1641437271.163,-7.812,17.090,-108.398,41.016,-29.785
1641437271.151,20.020,11.719,-152.344,101.562,-8.301
1641437271.155,43.945,12.695,-83.496,177.246,-12.695
1641437271.159,19.531,20.020,13.672,135.254,-18.066
1641437271.163,-0.977,20.020,-64.453,53.223,-16.602
1641437271.167,25.879,10.254,-159.180,87.891,-8.301
1641437271.171,54.688,11.719,-130.371,166.992,50.781
1641437271.175,40.527,16.602,-120.117,153.320,52.734
1641437271.178,6.348,15.137,-176.270,49.805,33.203
1641437271.182,13.184,14.648,-231.934,40.039,21.973
1641437271.186,44.434,17.090,-123.535,134.766,40.527
1641437271.190,43.457,21.973,135.254,156.738,91.797
1641437271.194,15.625,24.414,102.051,76.172,84.473
1641437271.195,15.625,17.090,-140.137,55.176,71.777
1641437271.199,46.875,5.371,-433.594,150.879,17.578
1641437271.203,56.152,6.348,-45.898,218.262,51.270
1641437271.207,27.832,12.695,285.156,147.461,93.750
1641437271.211,15.625,16.113,36.133,92.773,61.035
1641437271.215,39.551,19.043,-81.055,157.715,35.645
1641437271.219,62.988,19.531,-28.320,228.027,58.105
1641437271.222,39.062,13.672,138.184,185.547,109.863
1641437271.226,4.395,10.254,-116.699,95.703,58.105
1641437271.230,25.391,13.672,-407.227,115.234,21.973
1641437271.234,63.965,8.789,65.918,210.449,77.637
1641437271.238,58.105,6.836,296.875,214.844,114.258
1641437271.240,27.832,11.230,83.008,118.164,97.168
1641437271.244,35.645,13.672,23.926,111.328,81.543
1641437271.248,65.430,17.090,267.578,208.008,130.859
1641437271.252,64.941,13.672,349.121,237.793,127.930
1641437271.256,32.227,13.184,162.598,145.508,82.031
1641437271.260,22.949,15.137,37.109,101.074,82.031
1641437271.264,49.316,15.137,160.645,178.711,74.219
1641437271.267,61.035,13.672,333.496,248.535,83.984
1641437271.271,30.762,3.906,66.406,187.988,77.148
1641437271.275,17.090,4.883,117.188,117.188,73.242
1641437271.279,41.504,11.719,425.293,171.387,96.680
1641437271.283,59.570,15.137,445.312,248.535,133.789
1641437271.285,39.551,18.066,446.289,215.820,133.301
1641437271.289,7.324,16.602,472.656,116.211,75.684
1641437271.293,17.578,15.137,393.555,117.188,36.133
1641437271.297,51.758,18.066,458.008,206.543,58.105
1641437271.301,51.270,20.508,656.250,213.867,107.422
1641437271.305,20.996,9.766,499.512,119.629,98.633
1641437271.309,18.066,2.441,375.488,103.516,53.223
1641437271.312,49.316,11.719,318.359,193.359,40.039
1641437271.316,56.641,16.113,301.758,222.656,40.527
1641437271.320,21.973,12.695,563.965,126.953,55.176
1641437271.324,16.113,14.648,478.027,70.312,38.086
1641437271.328,51.270,17.578,367.188,138.672,41.992
1641437271.330,65.918,14.160,598.145,215.820,95.703
1641437271.334,31.250,6.836,666.016,132.324,113.281
1641437271.338,8.301,4.395,349.609,28.809,90.820
1641437271.342,34.180,7.812,195.312,69.824,97.656
1641437271.346,58.105,15.625,426.758,139.160,79.102
1641437271.350,40.039,20.996,469.727,94.727,45.410
1641437271.354,8.789,20.508,216.309,-32.715,12.207
1641437271.357,16.113,12.207,39.551,-48.340,19.531
1641437271.361,45.410,10.254,388.184,39.551,115.723
1641437271.365,41.504,13.672,755.371,39.062,153.320
1641437271.369,7.812,11.719,583.008,-59.082,125.977
1641437271.373,8.301,10.742,406.250,-87.402,68.848
1641437271.375,46.875,15.625,559.082,-2.441,35.645
1641437271.379,59.570,16.602,740.234,41.016,23.438
1641437271.383,22.461,7.812,577.148,-30.273,-25.391
1641437271.387,6.836,7.812,393.066,-91.309,-46.875
1641437271.391,33.691,10.742,550.293,-49.316,2.441
1641437271.395,45.410,8.789,575.195,22.949,6.348
1641437271.399,19.531,9.277,292.480,-29.297,-24.902
1641437271.402,-2.441,8.301,196.289,-133.789,-12.207
1641437271.406,17.578,9.277,332.520,-107.422,1.465
1641437271.410,45.898,14.160,458.984,-15.625,26.855
1641437271.414,27.832,8.301,135.254,-34.180,36.621
1641437271.418,-7.324,3.906,-195.312,-128.906,23.438
1641437271.435,1.465,7.812,62.500,-125.000,35.645
1641437271.439,31.738,10.742,284.180,-28.809,69.336
1641437271.443,37.109,12.207,298.828,-4.395,67.383
1641437271.447,4.395,7.812,199.707,-92.285,57.129
1641437271.451,3.418,13.672,123.047,-125.488,51.270
1641437271.455,44.434,21.973,123.535,-37.598,17.578
1641437271.459,52.246,17.578,96.680,32.715,16.113
1641437271.462,19.043,16.602,217.285,-40.039,17.090
1641437271.466,8.301,11.719,310.547,-98.633,29.785
1641437271.470,29.785,3.418,229.004,-26.367,47.852
1641437271.474,45.410,4.883,358.887,56.641,43.457
1641437271.478,30.273,15.625,607.910,18.066,84.961
1641437271.480,6.348,21.973,454.102,-65.918,47.852
1641437271.484,16.602,9.766,153.320,-29.785,-15.625
1641437271.488,46.387,7.324,204.102,63.965,-10.254
1641437271.492,33.203,11.230,480.469,60.059,76.660
1641437271.496,-6.348,8.789,351.562,-41.992,60.059
1641437271.500,-4.883,9.766,74.219,-56.152,0.000
1641437271.504,30.762,9.766,142.090,44.434,55.176
1641437271.507,35.645,5.371,445.312,86.426,88.867
1641437271.511,-0.488,0.977,517.578,-3.906,85.938
1641437271.515,-6.348,2.930,83.984,-39.062,39.062
1641437271.519,28.809,7.812,-110.840,45.898,22.949
1641437271.523,45.410,10.254,281.250,108.398,96.191
1641437271.526,11.230,9.277,403.809,40.527,100.098
1641437271.530,-6.836,5.371,104.492,-41.016,37.598
1641437271.534,24.414,5.859,164.062,13.672,85.449
1641437271.538,48.340,10.742,500.000,93.750,104.004
1641437271.542,29.297,10.254,419.434,64.941,42.480
1641437271.546,-1.953,2.441,87.402,-15.137,-27.832
1641437271.550,7.812,-0.977,13.184,7.812,-69.824
1641437271.553,37.598,4.883,408.203,110.352,-5.371
1641437271.557,34.668,6.348,516.113,123.535,57.617
1641437271.561,3.418,5.371,106.445,41.016,9.766
1641437271.565,6.836,7.812,176.758,25.879,26.855
1641437271.569,49.316,14.160,498.047,128.906,90.820
1641437271.573,56.641,18.066,546.387,175.293,84.961
1641437271.577,20.996,13.184,366.211,72.754,62.500
1641437271.581,11.230,11.719,298.828,20.508,70.801
1641437271.585,39.551,14.160,436.523,104.004,93.750
1641437271.589,49.316,3.906,375.000,171.387,107.422
1641437271.593,29.297,-0.488,213.867,107.910,114.258
1641437271.597,10.742,6.348,82.031,22.949,77.148
1641437271.600,30.273,10.254,125.977,58.594,77.637
1641437271.604,57.617,8.301,86.914,149.902,104.004
1641437271.608,34.180,5.859,9.766,138.184,130.371
1641437271.612,4.395,6.836,189.453,37.598,111.328
1641437271.616,13.672,4.395,124.023,39.551,62.500
1641437271.616,42.969,8.301,89.355,152.344,90.332
1641437271.620,45.898,11.719,192.871,180.664,145.020
1641437271.624,13.184,5.859,123.535,91.797,177.734
1641437271.628,8.789,-3.418,-104.980,54.688,108.887
1641437271.632,40.527,-1.465,-168.457,145.996,64.453
1641437271.636,50.781,5.371,-31.738,214.844,113.281
1641437271.640,16.602,5.859,-62.988,128.418,105.469
1641437271.643,4.883,0.977,-200.195,66.895,79.590
1641437271.647,28.809,-1.953,-448.242,128.418,73.730
1641437271.651,54.199,-1.465,-215.820,208.984,119.141
1641437271.655,50.781,-0.488,154.297,181.641,130.859
1641437271.659,22.461,8.301,-188.477,76.660,41.016
1641437271.676,15.625,14.160,-403.809,76.660,46.387
1641437271.680,47.852,14.648,-89.355,159.180,102.051
1641437271.684,47.852,9.277,6.348,151.367,99.121
1641437271.688,3.906,-3.906,-240.723,37.598,63.965
1641437271.692,-0.488,-6.348,-375.977,5.859,57.617
1641437271.696,31.738,0.977,-309.570,86.914,121.582
1641437271.700,27.344,-1.465,-270.508,91.309,141.113
1641437271.703,-3.418,2.441,-524.902,2.441,146.484
1641437271.707,-3.906,9.277,-801.270,-35.645,116.211
1641437271.711,28.320,7.324,-442.871,27.832,136.719
1641437271.715,41.016,3.418,-81.543,81.543,182.617
1641437271.719,8.789,0.977,-156.738,-1.953,122.559
1641437271.706,-2.441,-0.977,-303.223,-62.500,138.672
1641437271.710,26.855,-7.812,-225.098,4.395,196.777
1641437271.714,46.875,-9.766,-144.531,63.965,166.992
1641437271.718,23.926,-2.441,-186.035,20.020,100.098
1641437271.722,2.441,0.488,-256.348,-63.965,51.270
1641437271.726,16.113,-1.465,-410.645,-52.734,24.902
1641437271.730,41.504,3.418,-450.684,33.691,37.109
1641437271.733,37.109,3.418,-328.613,37.598,117.188
1641437271.737,8.301,-2.930,-236.328,-51.270,137.207
1641437271.741,8.301,-5.371,-368.164,-67.383,54.199
1641437271.745,45.898,-4.883,-466.797,36.621,66.895
1641437271.749,52.734,-8.789,-601.074,83.984,56.641
1641437271.751,14.160,-14.160,-487.305,-2.930,38.086
1641437271.755,6.836,-8.789,-210.938,-39.551,105.957
1641437271.759,37.598,-2.441,-235.352,38.574,126.465
1641437271.763,50.293,1.953,-43.457,104.492,147.949
1641437271.767,22.461,4.883,16.113,41.016,135.742
1641437271.771,4.395,2.441,-243.652,-35.156,73.242
1641437271.775,20.020,-3.418,-492.188,6.836,41.504
1641437271.778,37.598,-8.789,-464.355,75.684,25.879
1641437271.782,22.461,-6.836,-79.102,47.852,98.145
1641437271.786,-2.441,-7.812,-109.863,-41.504,88.867
1641437271.790,11.230,-12.695,-269.043,-26.855,20.996
1641437271.794,41.992,-6.348,-72.266,75.195,56.152
1641437271.826,34.668,-1.953,-10.254,88.867,76.172
1641437271.830,3.418,-5.371,-243.652,0.000,20.996
1641437271.834,8.301,-7.812,-382.324,-20.020,16.113
1641437271.838,38.086,-3.906,-186.523,64.941,57.617
1641437271.842,41.992,1.953,58.594,106.445,56.641
1641437271.846,9.277,1.465,-177.734,24.902,29.297
1641437271.850,-5.371,-0.488,-593.262,-20.996,11.230
1641437271.853,26.367,-1.953,-360.840,53.223,-0.488
1641437271.857,44.434,-11.719,83.984,119.629,37.109
1641437271.861,19.043,-16.113,-7.324,72.754,65.918
1641437271.865,0.488,-11.230,-192.871,23.926,2.930
1641437271.869,24.902,-4.883,-50.781,79.590,20.996
1641437271.871,52.246,5.371,143.066,145.508,69.824
1641437271.875,38.086,2.441,73.242,106.934,54.199
1641437271.879,13.672,-5.371,-76.660,16.113,24.902
1641437271.883,24.414,-5.371,-113.281,27.344,-11.719
1641437271.887,62.988,-2.930,58.594,146.484,15.625
1641437271.891,56.152,-8.789,76.660,162.598,47.363
1641437271.895,-2.441,-12.207,-185.547,35.156,-4.883
1641437271.898,-12.207,-10.742,-104.492,-7.324,-31.738
1641437271.902,22.461,-10.254,131.836,86.426,-6.348
1641437271.906,36.621,-5.859,0.977,139.648,-13.672
1641437271.910,2.441,-6.836,-105.957,47.852,-7.812
1641437271.914,-17.090,-4.395,-50.781,-19.043,17.578
1641437271.901,14.160,-2.441,3.906,37.598,53.711
1641437271.905,37.109,-5.371,-142.578,116.211,58.594
1641437271.909,13.672,-3.418,-197.266,84.961,57.617
1641437271.913,-8.301,-0.977,0.000,-15.625,55.664
1641437271.917,10.254,-2.930,-41.992,2.930,37.598
1641437271.921,37.598,-7.324,15.137,84.961,76.172
1641437271.925,29.297,-15.137,8.789,67.383,82.031
1641437271.928,-1.953,-15.625,-83.496,-21.484,61.035
1641437271.932,6.836,-8.789,-243.652,-31.250,11.230
1641437271.936,44.922,-4.395,-198.242,54.199,12.207
1641437271.940,48.828,0.488,148.926,80.078,97.656
1641437271.944,10.254,-2.441,79.590,-20.020,47.852
1641437271.947,-2.441,-8.789,-121.094,-60.059,8.789
1641437271.951,28.809,-11.719,-409.180,22.461,1.953
1641437271.955,49.316,-4.395,-217.773,84.961,13.184
1641437271.959,16.602,4.395,169.434,11.719,134.766
1641437271.963,-0.488,-3.418,-79.590,-54.199,133.789
1641437271.967,28.320,-7.324,-163.086,16.113,108.398
1641437271.971,49.316,0.977,50.781,97.656,155.762
1641437271.974,29.297,0.977,156.738,51.758,160.645
1641437271.978,0.977,-1.953,-79.590,-50.293,132.324
1641437271.982,18.555,2.441,-294.434,-28.809,87.402
1641437271.986,50.781,1.953,29.297,70.801,99.609
1641437271.990,41.992,-1.953,288.574,70.312,135.254
1641437271.991,8.301,0.977,-179.199,-32.715,83.496
1641437271.995,9.277,-2.441,-496.094,-62.988,44.922
1641437271.999,42.969,-7.324,-65.918,22.461,72.266
1641437272.003,46.875,-7.324,145.508,58.594,121.094
1641437272.007,8.789,-3.418,-64.453,-43.457,74.707
1641437272.011,-0.977,-2.930,-285.156,-91.309,14.648
1641437272.015,28.809,-4.883,-255.371,-16.602,6.348
1641437272.018,46.875,-3.906,-116.699,44.434,1.465
1641437272.022,25.391,-4.883,-402.344,-22.461,7.324
1641437272.026,1.465,-3.906,-461.426,-104.004,-21.484
1641437272.030,25.391,0.000,-132.812,-48.828,-7.324
1641437272.034,57.129,-6.348,-159.180,42.480,-2.441
1641437272.055,44.922,-13.672,-202.637,24.902,-16.113
1641437272.059,18.066,-3.418,-186.523,-62.988,-12.695
1641437272.063,30.273,4.883,-195.801,-52.734,-11.719
1641437272.067,62.012,6.348,-266.113,51.270,2.441
1641437272.071,48.340,6.836,-303.223,62.500,6.836
1641437272.075,3.418,1.465,-277.832,-38.574,-2.441
1641437272.079,-2.441,-5.859,-353.516,-50.293,-8.789
1641437272.082,27.832,-3.418,-287.598,44.922,-8.789
1641437272.086,37.598,3.906,-99.609,93.750,23.926
1641437272.090,0.000,-1.953,-32.227,14.648,2.441
1641437272.094,-13.672,-8.789,-136.230,-31.250,6.348
1641437272.098,20.508,-4.883,-187.988,51.758,9.766
1641437272.081,41.016,3.906,-61.035,127.930,6.836
1641437272.085,14.648,3.906,101.074,67.871,39.062
1641437272.089,-2.930,-1.953,-136.719,-24.414,-6.348
1641437272.093,23.438,-4.395,-318.848,18.066,-6.348
1641437272.097,55.664,-5.859,-9.766,118.652,31.738
1641437272.101,45.410,-3.906,80.078,101.074,60.547
1641437272.105,-7.324,-1.465,-230.469,-29.297,22.461
1641437272.108,-12.207,2.441,-406.738,-41.016,16.113
1641437272.112,38.574,1.953,-242.676,64.453,88.867
1641437272.116,46.875,-9.277,-125.977,76.660,103.027
1641437272.120,5.859,-13.672,-281.738,-19.043,105.469
1641437272.124,1.953,-7.812,-673.340,-61.523,68.848
1641437272.141,39.551,-3.906,-833.984,10.254,19.531
1641437272.145,53.223,1.465,-315.430,67.871,83.008
1641437272.149,20.508,1.953,-131.836,-9.766,92.285
1641437272.153,4.395,-2.441,-327.637,-78.125,62.500
1641437272.157,27.832,-4.883,-141.113,-22.949,80.566
1641437272.161,51.758,-2.930,-86.426,49.805,73.242
1641437272.165,26.367,-9.766,-313.965,20.020,38.574
1641437272.168,-1.465,-11.719,-709.961,-70.312,-0.977
1641437272.172,19.043,-0.977,-492.676,-41.504,48.828
1641437272.176,44.922,-0.488,33.203,56.152,112.793
1641437272.180,36.133,-1.465,34.180,53.223,101.562
1641437272.184,3.906,-3.906,-37.598,-28.809,101.074
1641437272.175,9.766,-4.395,25.391,-34.668,112.793
1641437272.179,46.875,2.441,150.391,67.871,96.191
1641437272.183,50.293,4.883,170.898,93.262,92.773
1641437272.187,16.602,3.418,161.621,-8.301,75.684
1641437272.191,8.301,-0.977,106.445,-48.340,25.391
1641437272.195,40.039,-3.418,-26.367,27.344,2.441
1641437272.199,54.688,-4.883,105.469,89.355,52.734
1641437272.202,28.320,-0.488,267.090,22.461,84.961
1641437272.206,11.719,-1.465,109.863,-50.781,61.523
1641437272.210,32.715,-2.930,-22.949,12.695,30.762
1641437272.214,58.105,1.465,69.824,97.656,20.020
1641437272.218,39.062,1.953,269.043,63.477,74.707
1641437272.232,9.277,-2.930,138.672,-33.203,73.730
1641437272.236,23.438,-11.230,-122.559,-17.090,28.809
1641437272.240,53.223,-11.230,-73.730,71.777,40.039
1641437272.244,44.434,-9.277,113.770,62.012,82.520
1641437272.248,8.789,-8.301,-22.461,-52.734,62.012
1641437272.252,14.648,-6.348,-392.090,-97.656,22.949
1641437272.256,46.387,-6.836,-758.789,-19.043,0.977
1641437272.259,45.898,-2.930,-546.875,19.531,-2.441
1641437272.263,14.648,-1.953,-185.059,-70.312,-4.883
1641437272.267,-0.977,-11.719,-461.914,-121.094,-79.590
1641437272.271,29.785,-14.648,-551.270,-42.480,-40.039
1641437272.275,49.805,-7.812,-197.754,20.020,62.988
1641437272.277,16.113,-4.883,-146.973,-40.527,28.320
1641437272.281,-9.277,-7.324,-385.742,-104.492,-26.367
1641437272.285,13.184,-1.953,-298.828,-47.852,20.996
1641437272.289,38.086,0.977,-6.348,47.852,36.133
1641437272.293,27.344,-1.465,-70.312,46.875,-20.996
1641437272.297,5.371,-5.371,-412.109,-27.344,-64.941
1641437272.301,17.090,-6.836,-494.141,-20.020,-98.633
1641437272.304,47.363,-3.906,-140.625,84.961,32.227
1641437272.308,43.457,-8.789,-24.414,107.910,86.426
1641437272.312,8.301,-14.648,-525.879,8.301,-13.672
1641437272.316,9.277,-12.207,-587.402,-23.926,-29.297
1641437272.320,43.457,-7.812,-105.957,71.289,-17.090
1641437272.336,48.340,-5.371,40.527,125.488,5.859
1641437272.340,16.113,-5.859,-178.223,33.691,10.742
1641437272.344,6.836,-2.930,-327.637,-27.832,-26.367
1641437272.348,35.645,0.000,-121.094,41.992,-0.977
1641437272.352,54.199,0.488,-127.441,117.188,19.531
1641437272.356,34.668,2.930,-300.293,71.777,-36.621
1641437272.360,19.043,-5.371,-342.773,-9.277,-83.984
1641437272.363,52.734,-4.883,-161.133,48.828,-51.758
1641437272.367,75.684,-3.906,-185.547,137.207,-28.320
1641437272.371,38.086,-8.301,-414.062,104.980,-46.875
1641437272.375,-3.906,-8.789,-212.891,6.348,10.254
1641437272.379,2.441,-11.230,-222.168,9.766,44.434
1641437272.366,33.691,-2.930,-146.973,115.723,41.016
1641437272.370,30.273,-1.953,124.512,132.324,66.895
1641437272.374,0.977,-6.348,75.195,26.855,21.973
1641437272.378,-9.277,-8.789,-124.023,-21.973,-15.137
1641437272.382,20.020,-9.766,-230.469,57.129,-12.695
1641437272.386,33.691,-18.066,-126.953,110.840,11.719
1641437272.390,3.906,-14.648,19.043,37.109,45.898
1641437272.393,-3.906,-5.371,-75.195,-8.789,42.480
1641437272.397,20.020,-8.789,-108.398,54.688,37.109
1641437272.401,39.551,-4.883,223.145,132.324,111.328
1641437272.405,14.160,-5.859,361.816,98.633,138.184
1641437272.409,-7.324,-9.766,110.352,9.277,83.984
1641437272.411,10.254,-10.742,-313.477,28.320,48.340
1641437272.415,35.156,-10.742,-20.996,112.793,82.520
1641437272.419,31.250,-9.277,374.023,96.191,104.492
1641437272.423,3.418,-10.254,176.758,3.906,71.289
1641437272.427,8.789,-14.648,45.898,0.488,44.922
1641437272.431,39.062,-15.137,99.609,85.449,66.406
1641437272.435,35.645,-10.254,146.973,106.934,81.055
1641437272.438,2.930,-7.324,32.715,23.926,63.477
1641437272.442,-7.812,-12.695,-140.625,-17.090,27.344
1641437272.446,26.367,-6.836,-49.316,64.941,40.527
1641437272.450,47.363,2.441,136.719,136.719,66.895
1641437272.454,14.648,-5.859,-50.781,57.617,40.039
1641437272.456,-5.371,-11.230,-518.066,-28.809,-17.578
1641437272.460,21.973,-5.859,-419.922,23.438,-9.277
1641437272.464,46.387,-4.883,187.012,115.723,33.691
1641437272.468,23.926,-4.883,332.031,85.938,46.387
1641437272.472,-4.395,-9.766,278.320,-20.508,77.148
1641437272.476,11.230,-7.812,262.207,-9.766,36.133
1641437272.480,37.598,-1.465,230.469,89.355,18.066
1641437272.483,22.461,-5.859,145.996,85.449,46.387
1641437272.487,-7.324,-6.836,158.203,-21.484,51.270
1641437272.491,0.000,-6.348,266.602,-47.852,26.367
1641437272.495,34.180,-7.324,163.574,45.898,1.953
1641437272.499,40.039,-8.301,116.211,83.008,-0.488
1641437272.516,1.465,-6.348,217.285,-14.160,9.277
1641437272.520,-9.766,0.000,195.801,-58.105,30.762
1641437272.524,27.344,0.977,102.539,12.695,44.922
1641437272.528,47.852,-0.488,199.219,82.520,29.297
1641437272.532,23.438,5.859,299.805,37.598,31.250
1641437272.536,2.441,4.883,38.574,-44.922,8.789
1641437272.540,21.484,-0.488,-241.211,3.418,10.254
1641437272.543,52.246,0.488,-118.164,103.027,38.574
1641437272.547,40.527,-1.465,211.914,86.914,32.715
1641437272.551,9.766,-6.836,140.625,2.930,-16.113
1641437272.555,15.625,-7.812,-6.836,13.184,-1.465
1641437272.559,51.758,-1.953,86.426,102.051,41.504
1641437272.549,45.410,1.465,166.016,107.910,20.020
1641437272.553,-2.441,-1.953,-17.578,-2.930,-3.418
1641437272.557,-3.906,-3.906,-212.402,-36.133,-39.062
1641437272.561,31.250,-0.977,-78.613,45.898,-44.922
1641437272.565,40.039,4.883,236.328,86.426,35.645
1641437272.569,5.371,1.465,96.680,3.906,60.059
1641437272.573,-14.160,-10.254,-236.328,-51.270,7.812
1641437272.576,12.695,-11.719,-65.430,24.902,8.789
1641437272.580,34.668,-3.418,250.000,105.957,55.176
1641437272.584,9.277,-2.930,124.512,54.688,67.871
1641437272.588,-16.602,0.977,-213.379,-29.297,2.930
1641437272.592,4.883,1.953,-64.941,9.277,22.949
1641437272.606,41.016,-0.977,250.977,107.422,79.102
1641437272.610,33.691,-1.465,201.172,104.492,73.242
1641437272.614,-0.977,-4.395,64.453,6.836,70.312
1641437272.618,1.465,-8.789,46.875,-0.977,38.574
1641437272.622,37.109,-9.277,104.980,95.215,27.344
1641437272.626,49.316,-5.371,74.707,125.977,43.457
1641437272.630,16.602,-1.953,-389.160,35.156,-10.254
1641437272.633,3.418,0.488,-431.641,-2.930,-32.715
1641437272.637,30.762,-1.465,115.723,84.961,50.781
1641437272.641,48.828,-5.859,324.219,150.879,76.172
1641437272.645,22.949,-3.906,271.484,81.543,51.758
1641437272.649,6.348,-1.953,264.648,18.066,41.504
1641437272.650,29.785,-0.977,237.305,65.918,34.668
1641437272.654,47.363,-3.906,276.855,139.160,75.684
1641437272.658,24.414,-2.930,349.121,111.328,98.633
1641437272.662,0.977,-2.930,256.836,22.949,38.574
1641437272.666,13.672,-11.719,151.855,43.457,43.457
1641437272.670,40.039,-9.766,160.645,123.047,72.266
1641437272.674,30.762,-10.254,131.836,92.773,29.297
1641437272.677,0.000,-9.766,-15.137,-16.113,4.395
1641437272.681,6.836,-3.906,-54.688,-33.691,29.297
1641437272.685,38.574,-3.906,-282.227,47.852,4.395
1641437272.689,45.898,-3.418,-166.992,69.336,33.203
1641437272.693,15.137,-0.488,117.676,-23.926,12.207
1641437272.696,5.859,-5.371,-100.586,-55.664,-32.227
1641437272.700,36.133,-9.277,-121.582,25.879,16.113
1641437272.704,55.176,-4.395,159.180,93.750,50.781
1641437272.708,20.508,-3.418,209.961,31.250,39.062
1641437272.712,-2.930,0.000,-59.570,-43.945,5.371
1641437272.716,30.273,5.859,-185.547,20.020,-12.207
1641437272.720,56.152,4.395,-69.824,106.934,9.766
1641437272.723,39.551,0.488,170.410,79.590,83.984
1641437272.727,13.184,-3.418,-106.934,-19.043,70.312
1641437272.731,29.785,-4.395,-447.754,-15.137,4.395
1641437272.735,67.383,-5.859,14.160,92.773,57.129
1641437272.739,60.059,-4.883,221.680,109.375,90.820
1641437272.756,24.902,-0.977,-105.957,14.160,38.086
1641437272.760,20.996,-0.977,-211.914,-16.113,18.066
1641437272.764,47.852,2.441,18.066,79.590,14.648
1641437272.768,50.781,1.953,120.605,131.836,65.430
1641437272.772,10.742,-4.395,-50.293,36.621,104.492
1641437272.776,-4.395,-6.836,-283.203,-21.973,71.289
1641437272.780,21.973,-5.371,-253.906,39.062,56.641
1641437272.783,34.668,-4.883,-86.426,99.121,68.848
1641437272.787,11.230,-8.789,-356.934,40.527,36.133
1641437272.791,-9.277,-10.254,-425.293,-49.316,28.320
1641437272.795,12.207,-5.371,-158.691,-12.207,85.938
1641437272.799,40.039,-0.488,-184.082,61.523,95.215
1641437272.786,25.391,2.930,-197.266,41.504,79.590
1641437272.790,-3.418,2.930,-101.562,-41.016,55.664
1641437272.794,9.277,-0.488,-145.020,-42.969,51.758
1641437272.798,43.945,-2.441,-201.172,50.781,75.195
1641437272.802,45.898,1.465,-203.613,66.406,70.801
1641437272.806,13.672,0.488,-304.199,-31.738,50.781
1641437272.810,16.113,-6.836,-478.027,-49.805,2.441
1641437272.813,58.594,-2.930,-428.223,51.270,33.203
1641437272.817,59.082,12.207,-180.176,97.168,84.961
1641437272.821,7.324,11.230,-174.805,5.371,42.480
1641437272.825,-5.371,4.395,-300.293,-36.621,41.992
1641437272.829,28.320,2.930,-614.258,46.387,-14.648
1641437272.831,51.270,4.883,-643.066,126.953,-15.137
1641437272.835,25.391,5.371,-225.586,79.102,34.668
1641437272.839,1.465,-1.465,-429.199,-13.672,-38.086
1641437272.843,28.320,-0.488,-596.191,21.973,-35.645
1641437272.847,55.176,2.930,-277.832,99.121,-0.488
1641437272.851,37.109,-5.859,-197.266,72.754,-18.555
1641437272.855,3.418,-11.719,-468.750,-22.949,-26.367
1641437272.858,6.836,-10.742,-595.215,-31.250,-29.785
1641437272.862,40.039,0.488,-285.645,68.848,8.789
1641437272.866,40.039,5.859,39.551,103.516,52.734
1641437272.870,7.324,0.977,-167.969,6.348,26.855
1641437272.874,5.859,-0.977,-417.969,-37.109,15.137
1641437272.876,39.062,-1.465,-174.805,41.504,29.785
1641437272.880,50.293,-2.441,-27.344,86.426,17.578
1641437272.884,12.695,-10.742,-299.805,3.906,27.344
1641437272.888,-1.953,-11.719,-521.484,-61.523,35.156
1641437272.892,23.926,-3.906,-288.086,-8.789,32.715
1641437272.896,46.387,1.953,-217.773,72.754,44.922
1641437272.900,23.438,3.418,-359.863,44.434,85.938
1641437272.903,-3.418,2.441,-481.934,-47.852,47.363
1641437272.907,18.555,5.371,-346.191,-18.066,41.992
1641437272.911,56.152,4.395,-67.871,83.008,76.660
1641437272.915,51.270,-1.465,-339.355,80.078,-31.738
1641437272.919,12.207,-0.488,-670.898,-18.555,-60.547
1641437272.921,12.695,-1.953,-314.453,-30.762,45.898
1641437272.925,48.340,-7.812,-41.504,68.848,92.773
1641437272.929,54.199,-5.859,29.785,104.980,109.375
1641437272.933,16.602,-2.930,24.902,12.695,68.848
1641437272.937,2.930,-3.418,-66.895,-33.691,21.973
1641437272.941,31.250,-2.441,-142.578,34.668,35.156
1641437272.945,43.945,4.883,-227.051,94.238,44.922
1641437272.948,15.137,8.789,-86.914,25.879,34.668
1641437272.952,-1.953,2.930,13.672,-52.246,-8.789
1641437272.956,22.949,-0.977,-28.320,-0.977,-0.488
1641437272.960,49.805,0.488,14.648,73.242,10.254
1641437272.964,28.320,3.906,174.805,28.809,-3.418
1641437272.980,-6.836,-0.488,149.902,-87.402,14.648
1641437272.984,2.441,-5.859,-45.410,-89.844,-42.480
1641437272.988,30.762,-0.977,56.152,-3.418,-21.973
1641437272.992,28.320,4.883,218.750,-6.836,29.785
1641437272.996,-9.277,-0.488,102.539,-109.863,-1.465
1641437273.000,-11.719,-7.324,-300.293,-137.695,-47.363
1641437273.004,28.320,-3.418,-457.520,-46.387,-56.152
1641437273.007,39.062,-0.488,-126.953,12.207,-43.457
1641437273.011,1.953,-3.418,-95.703,-63.477,-36.133
1641437273.015,-6.348,-1.953,-437.500,-108.398,-34.668
1641437273.019,25.879,-1.953,-552.734,-37.109,-11.230
1641437273.023,41.992,-4.395,-285.156,55.664,43.945
1641437273.025,19.531,-1.953,-254.883,27.832,3.418
1641437273.029,3.906,1.953,-634.277,-43.457,-71.289
1641437273.033,27.832,3.906,-617.676,4.883,-39.062
1641437273.037,62.500,5.371,-302.734,90.820,11.230
1641437273.041,54.199,5.371,-311.523,83.984,16.113
1641437273.045,15.137,4.883,-639.160,-7.324,-11.719
1641437273.049,16.113,0.977,-795.898,-4.395,-20.020
1641437273.052,48.828,3.418,-523.438,95.215,36.621
1641437273.056,42.969,0.000,-372.070,100.098,72.754
1641437273.060,9.766,-11.719,-782.227,6.348,11.230
1641437273.064,14.648,-3.906,-756.836,-7.812,9.277
1641437273.068,35.156,9.766,-346.191,63.965,83.008
1641437273.100,29.785,5.859,-307.617,103.027,64.453
1641437273.104,0.977,1.953,-500.977,32.227,74.707
1641437273.108,-4.395,7.324,-577.637,-11.719,84.473
1641437273.112,25.879,6.348,-363.281,63.477,69.824
1641437273.116,42.969,-0.977,-309.082,133.789,98.145
1641437273.120,18.555,-0.977,-461.914,91.797,90.332
1641437273.124,0.977,4.395,-427.734,21.973,69.336
1641437273.127,21.973,-2.441,-255.371,47.852,14.160
1641437273.131,55.176,-3.906,-257.324,126.953,-22.949
1641437273.135,46.875,3.906,-330.078,122.070,8.789
1641437273.139,10.254,7.324,-162.598,30.762,34.180
1641437273.143,12.207,4.883,-141.602,31.738,58.105
1641437273.117,47.363,2.930,-93.262,135.254,76.172
1641437273.121,48.340,-0.977,29.297,164.062,51.758
1641437273.125,8.789,-1.465,-4.395,62.988,66.895
1641437273.129,4.395,0.488,-143.555,19.531,59.082
1641437273.133,35.645,-3.418,-259.277,94.238,41.992
1641437273.137,51.758,0.977,-170.898,155.273,63.965
1641437273.141,31.250,10.254,-127.441,84.473,56.641
1641437273.144,16.113,10.742,-356.445,0.488,0.488
1641437273.148,33.203,5.859,-330.566,46.387,-41.992
1641437273.152,58.594,8.789,39.062,125.000,-18.555
1641437273.156,43.945,11.230,210.938,95.703,20.508
1641437273.160,11.230,3.906,-35.156,4.395,36.133
1641437273.160,25.879,5.859,-289.062,20.020,-17.578
1641437273.164,61.523,11.719,20.996,119.141,-40.039
1641437273.168,53.223,9.277,347.168,123.535,22.461
1641437273.172,13.184,5.859,41.016,32.227,32.227
1641437273.176,13.184,7.324,-249.023,15.625,18.066
1641437273.180,41.016,8.789,19.531,99.121,45.410
1641437273.184,38.086,3.906,178.711,123.535,48.340
1641437273.187,11.719,6.348,3.906,32.715,20.508
1641437273.191,5.859,6.348,-403.809,-19.531,-29.785
1641437273.195,41.504,3.906,-202.637,49.805,-28.809
1641437273.199,63.477,10.254,389.160,119.629,41.016
1641437273.203,27.344,9.766,376.465,38.574,60.547
1641437273.235,5.371,4.395,170.410,-50.781,22.949
1641437273.239,30.273,4.395,167.480,0.000,12.695
1641437273.243,49.316,5.371,238.281,79.102,30.762
1641437273.247,36.621,6.836,172.363,51.270,59.082
1641437273.251,10.742,7.812,38.574,-43.457,38.574
1641437273.255,20.996,1.465,-89.355,-24.902,22.949
1641437273.259,57.129,0.488,-102.051,89.355,36.133
1641437273.262,56.152,1.953,-196.777,110.352,32.715
1641437273.266,25.879,2.930,-153.320,34.668,78.125
1641437273.270,25.879,4.883,121.582,13.184,113.281
1641437273.274,50.781,4.395,53.711,90.820,89.844
1641437273.278,47.852,-0.977,-1.465,142.578,38.574
1641437273.251,7.812,-7.324,179.688,58.594,39.551
1641437273.255,-3.418,-1.465,161.133,-1.465,54.199
1641437273.259,26.367,6.348,120.117,59.570,80.078
1641437273.263,50.293,13.184,251.953,124.512,89.844
1641437273.267,39.062,22.949,299.805,84.473,27.832
1641437273.271,20.508,18.066,13.184,0.977,-27.832
1641437273.275,36.133,13.672,-234.863,20.020,-1.465
1641437273.278,59.082,23.438,-12.695,105.957,77.148
1641437273.282,45.898,26.855,128.906,87.891,141.602
1641437273.286,1.953,19.531,-177.734,-20.508,166.016
1641437273.290,-5.859,16.602,-584.961,-22.949,113.770
1641437273.294,31.250,20.020,-569.824,97.656,118.164
1641437273.312,37.109,22.461,-525.391,137.695,101.562
1641437273.316,3.418,24.414,-876.953,47.852,62.500
1641437273.320,-11.719,14.648,-987.793,16.602,53.711
1641437273.324,10.742,20.996,-957.031,89.844,67.383
1641437273.328,21.484,29.785,-970.703,135.254,112.305
1641437273.332,-26.367,21.973,-969.727,39.062,82.031
1641437273.336,-44.434,20.508,-969.727,-40.527,54.688
1641437273.339,-6.348,26.855,-969.238,18.555,68.848
1641437273.343,4.395,28.320,-969.238,76.172,95.703
1641437273.347,-26.367,28.320,-969.238,28.809,104.492
1641437273.351,-44.434,35.645,-969.238,-42.480,66.895
1641437273.355,-22.949,41.504,-969.727,-1.953,77.637
1641437273.356,3.418,38.086,-969.727,91.797,109.375
1641437273.360,-16.113,36.621,-969.238,81.543,118.164
1641437273.364,-51.758,39.062,-969.238,-25.879,116.699
1641437273.368,-40.039,44.434,-969.727,-54.688,67.383
1641437273.372,-4.883,53.711,-969.238,34.668,75.195
1641437273.376,-4.883,51.270,-969.238,65.918,78.125
1641437273.380,-42.480,39.062,-969.238,-43.945,48.340
1641437273.383,-47.852,31.250,-969.238,-108.887,67.871
1641437273.387,-16.113,27.344,-969.727,-47.363,78.613
1641437273.391,1.953,29.785,-970.215,12.207,107.422
1641437273.395,-23.926,25.879,-964.844,-54.199,79.102
1641437273.399,-38.574,16.113,-974.121,-130.859,67.383
1641437273.402,-7.812,17.578,-924.316,-80.566,80.078
1641437273.406,16.602,20.996,-765.625,-5.859,117.188
1641437273.410,-4.883,20.020,-586.914,-44.434,122.559
1641437273.414,-31.250,19.043,-555.664,-137.207,71.777
1641437273.418,-17.090,12.207,-533.691,-115.723,70.312
1641437273.422,9.277,4.883,-451.660,-20.508,105.957
1641437273.426,3.418,1.953,-371.094,-20.996,62.988
1641437273.429,-30.273,0.977,-344.727,-115.234,27.832
1641437273.433,-26.367,1.465,-434.082,-119.141,-11.719
1641437273.437,15.137,3.418,-299.316,-6.836,-16.602
1641437273.441,26.367,-2.930,112.305,43.945,43.945
1641437273.445,-2.930,-5.371,186.035,-40.039,12.695
1641437273.446,-4.883,-2.441,-40.527,-77.637,19.043
1641437273.450,36.133,-2.930,-43.457,6.348,73.730
1641437273.454,62.500,2.930,374.512,81.543,74.219
1641437273.458,40.039,-0.488,575.195,33.203,52.734
1641437273.462,19.531,-6.348,214.355,-41.504,-23.926
1641437273.466,41.504,-3.906,51.758,7.812,-58.105
1641437273.470,71.777,-2.930,424.805,100.098,-6.348
1641437273.473,56.641,0.000,735.840,84.961,29.297
1641437273.477,22.461,2.930,508.789,-21.973,-7.812
1641437273.481,31.738,-2.441,58.594,-23.438,-53.711
1641437273.485,67.383,-6.836,534.180,83.496,6.836
1641437273.489,67.383,-7.324,-955.566,93.750,40.039
1641437273.490,27.832,-9.766,897.461,-2.441,-33.203
1641437273.494,21.484,-10.742,881.348,-27.344,-54.688
1641437273.498,57.129,-3.418,-1000.000,61.035,-0.977
1641437273.502,70.312,-2.441,999.512,120.605,45.898
1641437273.506,30.762,-8.789,960.938,41.016,49.316
1641437273.510,19.043,-7.324,797.363,-13.184,24.414
1641437273.514,48.340,-4.395,750.977,62.988,43.945
1641437273.517,61.523,-3.906,934.082,145.020,73.730
1641437273.521,36.621,-5.371,767.578,103.516,52.734
1641437273.525,14.648,-14.160,699.219,18.066,32.715
1641437273.529,34.668,-11.230,929.688,46.387,65.430
1641437273.533,61.523,-2.930,965.820,115.234,123.047
1641437273.536,51.270,-2.441,876.953,96.680,93.262
1641437273.540,19.043,-2.441,821.289,-0.977,62.012
1641437273.544,26.855,-6.836,852.539,-15.137,72.266
1641437273.548,61.035,-5.859,779.785,75.195,42.969
1641437273.552,68.359,1.465,826.660,86.426,37.598
1641437273.556,39.062,1.465,813.965,-10.742,43.945
1641437273.560,27.344,-1.953,601.562,-40.039,-13.672
1641437273.563,54.688,-8.301,487.305,35.645,-66.895
1641437273.567,73.730,-15.625,523.438,94.727,-48.340
1641437273.571,42.480,-8.789,773.926,25.879,-17.090
1641437273.575,25.391,-0.977,673.828,-30.762,-32.227
1641437273.579,56.152,4.883,611.328,49.316,-20.508
1641437273.580,72.754,5.859,760.742,138.184,-0.488
1641437273.584,42.480,0.488,823.242,99.609,42.480
1641437273.588,18.066,4.395,671.875,11.230,56.152
1641437273.592,33.203,5.371,500.000,43.457,29.297
1641437273.596,51.270,0.977,709.961,137.207,65.430
1641437273.600,40.527,2.441,735.352,133.789,65.918
1641437273.604,12.207,-1.953,479.980,37.598,14.648
1641437273.607,16.602,-2.441,156.250,16.602,-9.766
1641437273.611,51.758,5.859,315.430,105.957,-6.836
1641437273.615,56.641,13.184,817.871,140.625,19.043
1641437273.619,21.973,11.230,657.227,44.434,9.766
1641437273.623,17.578,1.953,406.738,-5.859,-15.137
1641437273.626,50.293,2.930,548.828,61.523,-32.715
1641437273.630,59.082,4.883,755.859,119.629,11.230
1641437273.634,29.297,6.348,621.094,48.828,50.781
1641437273.638,4.883,7.812,375.977,-36.621,10.254
1641437273.642,24.902,4.395,502.441,11.230,44.922
1641437273.646,52.246,4.395,581.055,93.262,49.805
1641437273.650,29.785,5.859,315.918,61.523,-1.953
1641437273.653,3.418,7.324,1.953,-24.414,-20.996
1641437273.657,25.879,9.766,297.363,-0.977,34.180
1641437273.661,54.688,6.836,632.812,102.539,58.105
1641437273.665,47.852,6.836,632.324,106.445,41.016
1641437273.669,18.066,10.742,539.551,-3.418,47.852
1641437273.670,19.043,11.719,407.227,-25.879,-9.766
1641437273.674,52.246,14.648,424.316,70.312,14.160
1641437273.678,60.547,17.090,498.047,115.234,108.398
1641437273.682,24.902,14.160,484.375,28.320,81.055
1641437273.686,9.766,13.672,347.656,-24.414,17.090
1641437273.690,39.551,11.230,209.473,49.805,11.230
1641437273.694,59.082,10.742,73.242,119.141,33.691
1641437273.697,33.691,16.113,218.262,62.988,40.527
1641437273.701,6.836,15.137,294.434,-14.648,23.926
1641437273.705,26.855,18.066,103.516,34.180,41.992
1641437273.709,49.805,19.043,271.484,109.375,68.848
1641437273.713,28.809,15.137,463.867,85.449,79.590
1641437273.717,-3.418,8.301,400.391,-4.883,89.355
1641437273.721,-0.977,1.465,147.461,-5.371,55.176
1641437273.725,28.809,3.418,115.723,96.680,62.988
1641437273.729,33.203,9.277,369.629,115.723,45.898
1641437273.733,4.395,9.766,349.609,20.508,40.039
1641437273.737,6.348,8.789,-43.945,-24.902,-7.812
1641437273.741,37.109,11.719,-113.281,53.711,-37.598
1641437273.744,49.316,14.648,330.078,115.234,54.199
1641437273.748,19.531,11.719,355.469,29.785,44.434
1641437273.752,1.465,8.301,28.809,-33.203,4.395
1641437273.756,27.832,8.789,44.922,22.461,35.645
1641437273.760,48.340,8.301,193.848,90.820,24.414
1641437273.791,22.949,11.719,106.445,42.480,-3.906
1641437273.795,-0.488,8.301,-53.223,-43.945,13.672
1641437273.799,19.531,2.930,-89.844,-3.418,-0.488
1641437273.803,50.293,8.789,123.047,87.891,25.879
1641437273.807,54.688,16.113,188.477,89.844,83.984
1641437273.811,28.809,13.672,-194.824,10.254,82.520
1641437273.815,11.719,4.395,-332.031,-5.371,61.035
1641437273.818,22.949,1.465,-21.973,66.895,65.918
1641437273.822,23.926,-1.465,-3.418,80.078,80.566
1641437273.826,-5.371,-8.301,-363.281,-6.836,15.625
1641437273.830,-6.348,-7.812,-443.848,-37.598,-0.977
1641437273.834,27.344,-2.441,-241.211,51.270,68.359
1641437273.822,41.992,0.977,-208.984,104.492,91.309
1641437273.826,8.789,1.953,-512.207,15.625,31.738
1641437273.830,-10.742,-2.441,-763.672,-49.316,-4.395
1641437273.834,17.090,-3.418,-424.805,16.602,-21.484
1641437273.838,43.457,1.953,-56.152,96.680,-24.902
1641437273.842,30.762,7.812,-106.445,53.711,4.395
1641437273.846,5.859,8.789,-231.934,-42.480,-31.250
1641437273.849,19.531,7.324,-171.387,-9.277,-53.223
1641437273.853,47.363,10.254,13.184,89.844,-0.488
1641437273.857,41.504,12.207,97.656,81.543,38.086
1641437273.861,13.672,8.301,106.934,-23.438,-8.789
1641437273.865,19.531,12.207,-29.297,-53.223,-51.758
1641437273.866,56.152,12.207,-239.746,39.062,-1.953
1641437273.870,59.570,2.441,-238.281,75.684,7.324
1641437273.874,18.066,5.371,-43.457,-15.137,-25.391
1641437273.878,6.348,7.812,-195.312,-61.035,-48.340
1641437273.882,40.039,4.883,-232.910,5.371,-10.254
1641437273.886,54.688,5.859,-134.766,72.266,1.953
1641437273.890,17.090,2.930,-224.121,17.090,-30.273
1641437273.893,0.977,2.930,-347.656,-51.758,-49.316
1641437273.897,27.832,4.395,-603.516,0.000,-52.246
1641437273.901,47.852,5.371,-435.547,70.801,-54.199
1641437273.905,32.715,9.277,16.113,41.016,-7.812
1641437273.909,7.324,0.488,-157.715,-34.668,-25.879
1641437273.911,17.578,-7.324,-292.969,-14.160,-79.590
1641437273.915,47.852,0.977,-54.688,73.730,-46.875
1641437273.919,45.898,8.789,21.973,86.426,-16.113
1641437273.923,13.184,13.184,-194.824,1.465,2.930
1641437273.927,13.184,14.648,-239.746,-11.230,41.504
1641437273.931,48.828,13.672,-208.496,79.102,56.641
1641437273.935,54.688,13.672,-92.285,115.234,86.426
1641437273.938,20.020,13.672,-239.746,20.020,49.316
1641437273.942,17.090,12.207,-711.914,-38.574,-23.438
1641437273.946,47.852,8.789,-389.648,25.391,57.129
1641437273.950,62.988,11.230,20.020,83.496,118.652
1641437273.954,35.645,16.602,-67.383,22.461,74.219
1641437273.956,7.324,17.090,-193.359,-69.336,60.059
1641437273.960,33.203,16.602,-170.898,-25.391,62.012
1641437273.964,63.477,17.090,-64.941,78.125,89.844
1641437273.968,38.574,20.508,-120.605,55.176,71.289
1641437273.972,7.812,18.066,-244.141,-41.504,65.918
1641437273.976,18.066,13.672,-332.520,-24.902,119.629
1641437273.980,47.852,14.648,-289.551,87.402,121.094
1641437273.983,47.363,9.277,-362.305,95.215,107.422
1641437273.987,11.230,3.906,-341.797,-7.812,98.145
1641437273.991,9.766,8.301,-198.242,-38.086,92.773
1641437273.995,45.898,13.672,-373.047,46.387,77.148
1641437273.999,54.688,16.113,-336.426,110.840,85.938
1641437274.001,16.113,15.625,-200.684,23.438,72.754
1641437274.005,-1.953,14.648,-303.711,-47.363,27.344
1641437274.009,26.367,13.672,-361.328,19.043,12.207
1641437274.013,44.434,15.625,-196.777,90.820,0.488
1641437274.017,27.344,18.555,-110.840,40.527,-29.785
1641437274.021,8.301,18.555,-436.523,-53.223,-64.941
1641437274.025,19.043,9.766,-747.070,-35.645,-103.516
1641437274.028,43.945,4.883,-654.785,49.316,-119.141
1641437274.032,31.250,15.137,-345.703,48.828,-95.703
1641437274.036,-4.883,19.043,-359.863,-22.949,-70.801
1641437274.040,3.418,17.578,-516.113,-11.230,-62.500
1641437274.044,41.992,18.555,-455.078,96.191,-63.965
1641437274.061,41.016,15.625,-160.156,128.906,-28.320
1641437274.065,3.906,16.602,-305.664,21.484,-15.625
1641437274.069,-1.953,14.160,-628.906,-32.227,-39.551
1641437274.073,25.391,8.789,-400.879,47.363,18.066
1641437274.077,39.551,14.160,-123.535,104.492,53.223
1641437274.081,10.254,13.184,-373.535,23.438,17.090
1641437274.085,-10.742,3.418,-806.152,-59.082,17.090
1641437274.088,13.184,5.371,-645.020,-4.883,26.367
1641437274.092,39.551,12.695,-204.590,82.031,76.172
1641437274.096,21.484,19.043,-311.523,53.223,61.523
1641437274.100,-4.883,19.531,-515.137,-39.551,14.160
1641437274.104,11.230,17.578,-379.395,-18.555,36.621
1641437274.106,41.992,16.602,-175.293,88.867,75.195
1641437274.110,30.273,11.719,-236.328,87.891,63.477
1641437274.114,-1.953,12.695,-374.023,-13.672,29.785
1641437274.118,-0.977,12.207,-430.664,-30.273,3.906
1641437274.122,25.879,3.418,-395.508,76.660,-15.137
1641437274.126,29.785,6.348,-358.887,124.023,17.578
1641437274.130,-3.906,18.066,-520.508,35.645,-25.879
1641437274.133,-14.648,17.090,-518.066,-3.418,-21.484
1641437274.137,16.602,12.695,-266.113,72.266,-6.348
1641437274.141,38.574,11.719,-349.609,134.766,-31.250
1641437274.145,8.789,12.207,-516.602,59.082,-5.371
1641437274.149,-14.160,12.207,-259.766,-17.578,29.297
1641437274.166,11.230,13.184,-181.152,27.344,27.344
1641437274.170,36.621,14.160,-56.152,107.910,79.102
1641437274.174,19.043,13.672,76.660,78.125,118.652
1641437274.178,-8.789,6.836,-7.812,-24.414,33.203
1641437274.182,8.789,4.883,-98.633,-12.207,-38.086
1641437274.186,43.945,14.160,-28.809,95.215,24.414
1641437274.190,37.598,17.090,79.102,98.145,59.082
1641437274.193,5.859,14.648,-75.195,-5.859,3.906
1641437274.197,19.043,20.020,-165.039,-9.277,13.184
1641437274.201,52.246,20.508,-309.082,79.590,2.441
1641437274.205,54.199,25.879,-107.422,107.422,32.227
1641437274.209,21.484,27.344,227.539,12.695,19.531
1641437274.196,6.836,22.461,16.113,-50.293,-57.617
1641437274.200,39.062,14.648,0.488,-1.953,-52.246
1641437274.204,57.617,7.812,256.836,49.805,-29.785
1641437274.208,29.297,14.160,259.277,-11.719,-27.832
1641437274.212,9.277,18.555,-7.812,-100.586,-38.086
1641437274.216,31.738,17.578,-193.359,-52.246,-62.012
1641437274.220,56.641,16.602,-72.266,56.152,-31.250
1641437274.223,40.039,15.625,43.945,32.227,6.836
1641437274.227,7.812,10.742,-99.121,-70.312,-1.465
1641437274.231,18.066,9.766,-216.309,-61.035,10.742
1641437274.235,51.758,11.230,-141.602,25.879,33.691
1641437274.239,50.781,9.766,41.504,48.340,46.875
1641437274.241,8.301,2.930,-329.102,-47.363,-2.441
1641437274.245,0.000,4.395,-647.949,-96.680,-28.809
1641437274.249,33.691,17.578,-132.812,5.859,54.688
1641437274.253,41.016,18.066,187.012,76.660,162.598
1641437274.257,3.418,13.672,71.289,-12.695,177.734
1641437274.261,-9.766,15.625,-203.125,-82.520,91.797
1641437274.265,20.996,17.578,-205.566,-12.207,90.332
1641437274.268,41.992,12.695,46.387,70.801,144.531
1641437274.272,19.043,12.207,-139.648,41.992,95.215
1641437274.276,-7.812,14.648,-200.195,-38.574,68.359
1641437274.280,14.648,16.113,38.574,-14.648,62.988
1641437274.284,38.574,11.719,-6.348,54.688,75.684
1641437274.287,29.297,6.836,-112.305,42.969,82.031
1641437274.291,4.395,10.742,-74.219,-29.297,47.852
1641437274.295,13.184,16.113,-28.809,-24.902,33.691
1641437274.299,49.805,14.648,-165.039,64.941,-8.789
1641437274.303,46.387,10.254,-87.402,90.332,0.977
1641437274.307,12.695,11.719,-104.980,0.977,1.465
1641437274.311,9.277,14.160,-307.129,-44.434,-68.359
1641437274.314,39.062,18.555,-304.688,32.227,-45.898
1641437274.318,47.852,11.230,-243.652,91.309,-10.742
1641437274.322,15.625,5.371,-40.527,7.324,-14.648
1641437274.326,-2.441,7.812,-137.207,-63.477,-61.523
1641437274.330,25.391,-0.488,-182.617,2.441,-74.707
1641437274.346,53.711,2.930,-18.066,67.871,-49.316
1641437274.350,32.715,14.648,76.172,27.344,-81.543
1641437274.354,5.859,16.113,-127.441,-48.828,-136.230
1641437274.358,23.438,18.555,-307.617,-30.762,-138.672
1641437274.362,50.293,19.531,-107.422,59.570,-42.480
1641437274.366,39.062,18.066,-64.941,64.453,-18.555
1641437274.370,3.906,13.184,-264.648,-27.832,-53.223
1641437274.373,3.418,7.324,-589.355,-30.273,-97.168
1641437274.377,37.598,12.207,-546.875,69.824,-108.398
1641437274.381,46.875,13.672,-49.805,123.047,-78.613
1641437274.385,12.207,13.672,-123.047,41.504,-87.891
1641437274.389,5.859,22.949,-274.902,-13.184,-78.125
1641437274.376,41.016,25.879,-93.750,54.688,-35.156
1641437274.380,53.711,27.344,19.531,121.094,-51.270
1641437274.384,20.996,20.020,-70.312,68.359,-66.895
1641437274.388,4.395,7.812,-238.281,2.930,-90.820
1641437274.392,35.156,8.789,-150.391,62.012,-104.980
1641437274.396,54.199,20.020,-81.055,123.535,-69.336
1641437274.400,26.367,26.367,-154.297,82.520,-16.113
1641437274.403,-1.953,20.996,-209.473,2.930,-23.438
1641437274.407,23.926,20.508,-259.766,21.484,-80.566
1641437274.411,51.758,25.391,-12.695,113.770,-20.996
1641437274.415,35.156,19.531,-129.883,110.840,0.000
1641437274.419,-3.906,17.578,-532.227,7.812,-50.781
1641437274.436,-7.324,17.578,-333.984,-13.672,-44.434
1641437274.440,29.297,11.230,-156.738,78.613,-52.246
1641437274.444,35.156,12.695,-83.496,124.512,-6.348
1641437274.448,-2.441,12.695,-132.812,31.738,-4.395
1641437274.452,-8.789,12.207,-197.266,-17.578,-20.020
1641437274.456,26.855,17.090,-209.473,59.570,2.441
1641437274.460,41.504,12.207,-390.137,120.117,-20.020
1641437274.463,15.625,8.789,-236.816,62.012,-32.227
1641437274.467,-6.348,11.719,-77.637,-25.879,-97.656
1641437274.471,12.207,11.230,-255.859,13.672,-89.844
1641437274.475,47.363,10.742,-154.297,110.352,-16.113
1641437274.479,37.109,14.648,86.426,92.773,-2.441
1641437274.481,1.953,8.301,72.754,-7.324,-12.207
1641437274.485,8.301,0.977,-103.027,-11.719,-29.297
1641437274.489,43.457,8.789,-24.414,80.078,-46.387
1641437274.493,51.270,19.043,188.965,113.281,-27.344
1641437274.497,17.090,26.367,114.746,26.855,-11.230
1641437274.501,12.207,24.414,-145.996,-11.719,-39.062
1641437274.505,47.852,23.438,-211.426,80.566,-47.363
1641437274.508,54.688,19.043,91.309,141.602,39.551
1641437274.512,13.672,15.137,200.195,60.547,54.199
1641437274.516,1.465,20.020,-229.004,-2.930,-17.090
1641437274.520,31.738,23.438,-378.418,58.105,-14.648
1641437274.524,47.852,23.438,11.230,128.418,32.227
1641437274.527,26.367,18.555,187.500,92.285,81.055
1641437274.531,2.441,12.207,-88.867,0.488,-5.371
1641437274.535,20.996,13.672,-162.109,20.996,-66.406
1641437274.539,54.688,20.996,185.547,113.281,-0.977
1641437274.543,47.363,20.996,278.809,107.422,23.926
1641437274.547,16.602,23.438,-3.906,17.578,-16.113
1641437274.551,25.879,28.320,-230.469,12.207,-70.801
1641437274.554,56.152,23.926,-7.324,106.934,-18.066
1641437274.558,53.223,20.508,223.145,125.977,41.992
1641437274.562,12.207,20.996,-120.117,15.625,-11.230
1641437274.566,0.977,23.926,-169.434,-37.598,-1.465
1641437274.570,27.344,22.461,131.836,31.250,35.156
1641437274.572,37.598,18.555,175.293,84.961,16.113
1641437274.576,8.789,19.043,114.746,3.418,35.156
1641437274.580,-9.766,10.254,-47.852,-71.777,7.324
1641437274.584,20.020,10.742,-4.395,1.465,-6.836
1641437274.588,49.805,18.555,48.828,86.426,13.184
1641437274.592,27.344,16.113,-78.613,46.387,35.645
1641437274.596,-5.371,16.113,-207.031,-45.898,22.461
1641437274.599,8.301,19.043,-115.723,-30.273,0.488
1641437274.603,40.527,14.648,-97.168,69.824,11.230
1641437274.607,41.992,13.184,-411.133,87.402,-14.648
1641437274.611,-3.906,13.672,-273.438,-13.672,-27.344
1641437274.615,-28.320,9.277,-62.012,-53.711,31.738
1641437274.631,14.648,11.230,27.832,44.922,71.777
1641437274.635,31.738,12.695,157.227,90.332,33.203
1641437274.639,-8.301,11.230,143.066,4.883,29.785
1641437274.643,-15.137,6.348,70.312,-31.738,61.523
1641437274.647,19.531,3.906,-22.949,38.574,52.246
1641437274.651,33.691,5.371,-2.930,111.816,36.133
1641437274.655,8.301,10.254,-15.625,58.594,31.250
1641437274.658,-8.789,11.230,-99.609,-20.996,14.160
1641437274.662,17.090,6.836,-353.027,24.414,-15.625
1641437274.666,45.898,12.207,-238.770,102.539,34.180
1641437274.670,31.250,17.578,272.949,83.984,125.000
1641437274.674,0.000,15.625,121.582,-7.324,64.453
1641437274.661,10.254,14.648,2.930,1.465,35.156
1641437274.665,49.805,8.301,240.234,100.586,115.234
1641437274.669,52.734,8.789,293.945,117.676,114.746
1641437274.673,15.137,12.695,37.598,28.320,30.273
1641437274.677,8.301,10.742,-89.355,2.930,14.648
1641437274.681,41.016,15.137,44.434,94.727,42.480
1641437274.685,46.875,16.113,100.098,135.254,71.777
1641437274.688,12.207,18.066,-2.441,41.992,109.863
1641437274.692,4.395,17.578,-90.820,-18.555,80.078
1641437274.696,32.715,14.160,63.965,47.852,50.781
1641437274.700,47.363,14.160,335.449,115.723,91.797
1641437274.704,26.367,12.207,33.203,59.570,76.172
1641437274.706,12.695,13.184,-436.035,-28.809,4.883
1641437274.710,31.738,17.578,-80.078,10.254,28.809
1641437274.714,50.293,18.555,196.289,96.680,69.336
1641437274.718,34.180,23.438,150.879,77.148,67.383
1641437274.722,9.277,25.879,117.676,-8.301,56.152
1641437274.726,14.160,20.020,-44.922,-6.836,17.578
1641437274.730,38.574,13.672,-59.570,85.449,13.184
1641437274.733,32.227,13.184,-86.426,113.281,46.875
1641437274.737,-0.488,18.555,-52.734,15.137,76.172
1641437274.741,2.441,20.020,102.051,-34.668,61.523
1641437274.745,36.133,13.672,19.531,43.945,37.598
1641437274.749,41.992,3.418,66.406,96.191,41.992
1641437274.766,4.395,2.441,217.773,14.648,49.805
1641437274.770,-9.277,4.883,107.422,-54.199,39.062
1641437274.774,17.578,1.953,-53.711,-4.883,5.371
1641437274.778,43.457,7.324,81.543,63.965,24.414
1641437274.782,26.367,13.672,200.684,38.086,48.340
1641437274.786,1.465,13.184,-51.270,-37.598,37.109
1641437274.790,20.508,16.113,-340.332,-9.277,31.250
1641437274.793,50.781,15.625,-284.180,77.148,12.207
1641437274.797,35.645,12.207,60.059,62.012,21.484
1641437274.801,-3.418,3.906,47.363,-18.066,8.789
1641437274.805,0.000,-4.395,-115.723,-21.484,-24.414
1641437274.809,38.574,4.395,9.277,73.730,3.418
1641437274.797,43.945,13.184,237.793,104.492,-2.441
1641437274.801,3.418,13.184,36.621,10.742,-43.457
1641437274.805,2.441,15.625,-274.414,-18.555,-50.781
1641437274.809,34.668,13.184,-83.008,60.059,-4.395
1641437274.813,41.992,10.742,197.754,117.676,60.547
1641437274.817,17.090,6.348,-47.852,42.969,28.809
1641437274.821,-5.371,3.418,-270.996,-36.133,42.480
1641437274.824,20.508,3.418,-90.820,23.438,47.852
1641437274.828,46.875,-3.906,155.273,104.980,11.230
1641437274.832,21.973,-3.906,96.680,69.336,15.625
1641437274.836,-7.324,1.465,-367.188,-28.809,-54.199
1641437274.840,4.883,8.789,-271.484,-9.277,-56.641
1641437274.856,39.551,7.812,140.137,96.680,27.832
1641437274.860,44.434,5.859,89.355,105.469,14.648
1641437274.864,16.602,11.719,-48.340,14.160,-8.301
1641437274.868,11.230,12.695,-26.855,-20.996,36.621
1641437274.872,46.387,12.695,6.348,66.406,57.129
1641437274.876,49.805,14.160,-11.230,122.070,51.758
1641437274.880,12.207,12.695,-326.660,24.414,-19.531
1641437274.883,8.789,9.766,-209.961,-25.879,-32.715
1641437274.887,37.109,9.766,181.152,54.199,86.914
1641437274.891,49.805,15.137,259.277,116.211,127.930
1641437274.895,22.461,18.555,255.371,67.871,52.246
1641437274.899,0.000,16.602,68.359,-5.859,-6.836
1641437274.901,25.391,15.625,27.832,41.504,-14.160
1641437274.905,55.664,20.508,202.148,128.418,14.160
1641437274.909,37.598,22.461,302.246,105.469,44.922
1641437274.913,6.348,17.090,250.488,16.113,26.855
1641437274.917,13.672,4.395,108.398,11.230,-15.137
1641437274.921,41.504,2.441,75.684,84.961,-20.508
1641437274.925,38.574,12.207,99.121,90.820,23.438
1641437274.928,6.836,16.113,80.078,14.160,40.527
1641437274.932,1.465,17.578,55.664,-7.324,-2.930
1641437274.936,32.227,14.648,-238.281,70.801,-36.133
1641437274.940,35.645,10.254,-64.941,123.047,31.250
1641437274.944,2.930,11.230,288.574,35.156,65.430
1641437274.946,-4.395,8.301,95.703,-23.438,72.266
1641437274.950,24.902,8.301,152.832,53.223,127.930
1641437274.954,55.664,10.254,379.883,130.371,120.117
1641437274.958,33.203,8.301,369.141,86.426,106.445
1641437274.962,3.906,11.230,105.469,1.953,74.707
1641437274.966,26.367,20.996,-48.340,38.086,71.777
1641437274.970,53.711,19.531,129.395,137.207,156.250
1641437274.973,36.621,12.695,259.277,120.117,149.902
1641437274.977,5.371,9.766,23.438,12.695,87.402
1641437274.981,12.695,10.742,-125.977,8.301,91.309
1641437274.985,44.922,14.648,95.215,107.910,123.047
1641437274.989,45.898,13.672,323.730,125.488,166.016
1641437274.991,5.859,11.719,0.977,18.555,122.070
1641437274.995,-0.488,13.184,-345.703,-21.973,61.035
1641437274.999,30.762,8.301,63.477,61.523,110.840
1641437275.003,38.086,4.395,308.105,115.234,187.988
1641437275.007,1.465,3.906,208.984,42.480,204.102
1641437275.011,-13.672,5.859,48.340,-21.484,130.859
1641437275.015,18.066,10.742,58.594,40.039,142.090
1641437275.018,39.062,12.695,291.992,118.164,183.105
1641437275.022,15.625,6.348,133.301,74.707,150.879
1641437275.026,-12.207,0.977,-38.086,-20.020,102.051
1641437275.030,5.859,2.930,197.754,2.930,107.422
1641437275.034,36.133,-1.465,320.312,82.031,119.141
1641437275.051,28.809,-8.789,220.215,58.105,95.703
1641437275.055,7.812,0.488,138.184,-33.691,68.359
1641437275.059,11.719,8.301,201.172,-42.969,57.129
1641437275.063,41.992,10.742,129.395,34.668,9.766
1641437275.067,44.434,11.719,147.949,56.152,3.906
1641437275.071,16.113,5.859,155.273,-29.785,21.973
1641437275.075,28.809,2.441,-99.121,-47.363,11.230
1641437275.078,48.340,11.719,-244.141,15.137,27.344
1641437275.082,36.621,16.602,-140.625,35.645,70.801
1641437275.086,17.090,15.137,68.359,-37.598,88.867
1641437275.090,1.953,10.254,-40.039,-109.863,34.180
1641437275.094,14.160,10.254,-99.609,-52.734,15.137
1641437275.081,31.738,17.578,52.246,32.715,50.781
1641437275.085,14.648,7.812,122.070,12.695,38.574
1641437275.089,-17.578,1.953,-29.785,-73.242,12.695
1641437275.093,-8.789,9.766,-171.875,-55.176,-9.766
1641437275.097,27.832,19.043,-8.301,61.523,-2.441
1641437275.101,23.926,15.137,107.422,85.449,23.926
1641437275.105,-7.812,9.277,-128.418,-9.277,0.000
1641437275.108,1.465,11.719,-273.438,-41.992,-9.766
1641437275.112,40.039,11.719,-42.480,51.758,27.832
1641437275.116,44.434,6.348,180.176,95.215,16.113
1641437275.120,9.277,-0.488,94.238,1.465,9.277
1641437275.124,2.930,-5.859,-392.578,-53.711,3.418
1641437275.125,34.668,3.418,-266.602,20.508,2.441
1641437275.129,54.688,14.160,272.461,102.051,48.340
1641437275.133,31.250,19.043,163.574,55.664,62.012
1641437275.137,5.371,21.484,-39.062,-27.344,39.551
1641437275.141,20.996,17.090,48.828,8.301,47.363
1641437275.145,50.781,13.672,167.969,101.562,77.148
1641437275.149,42.480,13.672,49.805,86.426,78.125
1641437275.152,12.695,4.883,-401.855,-2.441,-20.020
1641437275.156,27.832,3.906,-257.324,12.207,-16.113
1641437275.160,62.012,4.395,153.320,100.098,39.062
1641437275.164,53.223,4.883,145.996,100.586,34.180
1641437275.168,13.672,7.324,47.363,5.371,61.035
1641437275.171,10.742,12.695,22.461,-28.320,86.426
1641437275.175,46.387,14.648,86.426,56.152,59.570
1641437275.179,55.176,9.766,146.973,101.074,75.684
1641437275.183,16.113,10.254,107.910,0.977,81.055
1641437275.187,3.906,6.836,-8.301,-56.641,13.672
1641437275.191,29.785,0.977,-68.848,20.020,14.648
1641437275.195,45.410,-5.371,-228.516,82.031,36.133
1641437275.198,28.809,-0.488,-177.734,39.062,25.391
1641437275.202,1.953,8.789,-85.449,-38.086,8.301
1641437275.206,17.090,10.742,-231.445,-8.301,-8.789
1641437275.210,47.363,10.742,-75.684,87.402,26.367
1641437275.214,31.738,7.812,189.941,83.008,65.430
1641437275.217,-0.488,3.418,152.344,-4.395,74.707
1641437275.221,5.371,0.977,-159.668,-1.953,9.766
1641437275.225,35.156,1.953,-125.977,98.145,31.738
1641437275.229,36.621,4.395,277.832,136.719,95.703
1641437275.233,6.836,3.418,282.227,62.500,56.641
1641437275.237,1.465,-1.953,-117.676,34.180,9.277
1641437275.241,28.320,-0.977,-171.875,113.770,-6.348
1641437275.244,47.363,5.859,287.598,165.039,19.043
1641437275.248,17.090,7.324,382.324,79.590,25.391
1641437275.252,-3.906,4.395,49.805,-11.719,-5.859
1641437275.256,20.996,3.418,17.578,32.227,-13.184
1641437275.260,44.434,5.859,292.969,114.258,20.996
1641437275.276,21.973,5.859,236.816,73.242,9.766
1641437275.280,-8.789,1.953,105.957,-28.809,-3.906
1641437275.284,3.418,-4.395,162.598,-7.324,-16.113
1641437275.288,36.621,-1.465,372.559,103.027,23.438
1641437275.292,29.785,0.000,459.473,105.469,46.387
1641437275.296,-4.395,-3.906,129.395,0.977,-12.207
1641437275.300,5.371,3.906,24.902,-6.348,-9.277
1641437275.303,38.574,7.812,467.285,87.891,44.434
1641437275.307,36.133,0.488,626.953,113.770,29.785
1641437275.311,-2.441,-5.859,286.133,21.973,-24.902
1641437275.315,-12.695,-6.836,241.211,-14.160,-57.129
1641437275.319,20.508,-0.977,520.508,64.453,-17.578
1641437275.351,37.598,-1.953,610.840,115.723,2.441
1641437275.355,7.324,-5.859,573.730,37.598,5.371
1641437275.359,-12.695,-2.441,385.254,-46.387,-6.836
1641437275.363,14.648,0.977,339.355,8.301,-32.227
1641437275.367,41.016,0.000,430.664,91.797,4.883
1641437275.371,22.949,-1.953,308.594,50.293,56.152
1641437275.375,-3.418,-3.418,278.320,-66.895,70.312
1641437275.378,10.254,-3.906,388.184,-74.707,54.688
1641437275.382,44.434,0.000,302.246,9.277,48.340
1641437275.386,43.945,7.812,183.594,3.906,51.270
1641437275.390,15.625,12.207,400.391,-105.957,83.008
1641437275.394,16.113,9.766,325.195,-159.668,77.148
1641437275.366,47.363,1.465,270.020,-91.797,61.035
1641437275.370,53.711,-0.488,408.203,-49.316,100.098
1641437275.374,19.531,-1.953,349.609,-139.160,79.590
1641437275.378,20.996,-5.371,182.129,-183.594,56.641
1641437275.382,51.270,2.930,126.465,-127.441,43.945
1641437275.386,50.293,8.301,178.223,-87.891,5.859
1641437275.390,20.996,5.859,57.617,-149.414,13.672
1641437275.393,10.254,0.977,-321.289,-218.750,-51.758
1641437275.397,33.691,-2.441,-547.363,-161.133,-96.191
1641437275.401,55.176,2.930,-299.805,-65.430,-44.434
1641437275.405,43.457,6.348,-16.113,-64.941,-31.738
1641437275.409,19.531,4.395,-208.008,-129.883,-33.691
1641437275.411,25.879,0.000,-433.105,-114.258,-69.824
1641437275.415,58.105,-1.465,-184.570,3.418,-92.285
1641437275.419,60.547,-4.883,54.688,48.828,-44.434
1641437275.423,16.113,-17.090,-159.180,-38.086,-37.109
1641437275.427,3.906,-15.137,-619.141,-61.523,-63.965
1641437275.431,34.668,-3.418,-463.867,28.320,-42.969
1641437275.435,46.875,-1.953,-49.805,83.008,10.742
1641437275.438,17.578,0.488,-212.891,11.719,21.973
1641437275.442,8.301,3.906,-547.852,-38.574,-6.836
1641437275.446,33.691,3.906,-197.266,37.109,46.875
1641437275.450,54.199,3.418,178.223,121.094,54.688
1641437275.454,36.133,1.465,156.738,82.520,37.109
1641437275.472,6.348,1.465,10.742,-17.578,8.301
1641437275.476,20.996,-1.953,40.527,13.672,40.039
1641437275.480,47.363,-7.812,168.945,121.094,101.074
1641437275.484,35.645,-1.465,141.113,117.676,86.426
1641437275.488,6.836,6.348,49.805,33.203,76.660
1641437275.492,8.301,2.441,-89.355,35.156,71.777
1641437275.496,32.227,-0.977,-10.254,131.836,96.191
1641437275.499,34.668,-5.371,-63.965,157.227,70.312
1641437275.503,5.859,-9.277,-86.914,59.570,44.434
1641437275.507,4.395,-8.789,87.402,28.809,71.289
1641437275.511,42.969,-5.859,98.145,127.441,88.379
1641437275.515,56.641,1.465,177.734,202.148,99.121
1641437275.501,20.020,-3.906,223.145,123.535,102.539
1641437275.505,2.930,-9.277,137.695,32.715,90.820
1641437275.509,33.203,-7.324,-4.883,72.754,58.105
1641437275.513,53.223,-8.789,-11.719,133.301,45.410
1641437275.517,31.250,-4.395,171.875,93.262,52.734
1641437275.521,5.859,-0.977,-144.531,7.324,18.555
1641437275.525,21.484,-0.977,-397.461,33.203,5.859
1641437275.528,54.688,2.441,-118.164,133.301,15.137
1641437275.532,50.293,2.441,122.559,132.812,50.781
1641437275.536,17.090,3.906,63.965,36.621,43.457
1641437275.540,17.090,2.930,-297.363,25.391,-18.555
1641437275.544,52.734,0.488,-357.422,132.324,-23.926
1641437275.547,60.547,2.441,118.164,183.594,16.602
1641437275.551,24.414,4.883,69.824,93.262,28.320
1641437275.555,13.672,6.348,-255.859,45.898,-3.906
1641437275.559,42.480,8.301,-41.504,131.836,-11.719
1641437275.563,57.617,8.789,310.547,197.266,29.297
1641437275.567,30.762,12.207,146.484,130.859,58.594
1641437275.571,11.719,12.695,-314.453,49.316,-5.859
1641437275.574,29.297,5.859,-201.660,92.773,-29.297
1641437275.578,55.664,6.836,279.785,184.570,14.160
1641437275.582,48.828,5.371,322.266,166.504,34.180
1641437275.586,19.043,6.836,120.605,63.965,-24.414
1641437275.590,18.555,8.301,109.375,52.734,-47.363
1641437275.606,45.410,2.441,342.773,142.578,62.500
1641437275.610,36.133,5.371,354.980,139.648,87.402
1641437275.614,0.488,8.789,132.812,25.391,20.508
1641437275.618,-0.977,5.371,176.758,0.000,41.016
1641437275.622,28.320,4.883,297.852,86.914,77.148
1641437275.626,36.133,3.418,182.617,134.277,87.891
1641437275.630,3.418,0.488,-18.066,58.105,41.504
1641437275.633,-9.766,6.348,132.324,-0.977,12.695
1641437275.637,21.973,9.766,339.844,57.129,42.969
1641437275.641,45.410,1.953,237.305,129.883,41.992
1641437275.645,20.996,1.953,139.160,70.801,48.828
1641437275.649,0.977,9.766,278.809,-26.855,58.594
1641437275.650,22.949,10.742,303.223,4.883,57.129
1641437275.654,56.152,12.695,377.441,83.984,38.574
1641437275.658,46.387,13.672,482.422,69.336,23.926
1641437275.662,14.648,9.766,402.832,-29.297,14.648
1641437275.666,26.855,12.207,253.906,-43.945,-14.160
1641437275.670,54.199,12.207,241.699,52.734,-22.461
1641437275.674,50.781,-1.953,282.715,70.801,7.812
1641437275.677,16.113,-5.859,184.570,-29.297,14.648
1641437275.681,3.906,3.906,143.555,-56.152,29.785
1641437275.685,34.180,5.859,-91.309,38.086,3.906
1641437275.689,45.410,5.859,40.039,108.398,7.324
1641437275.693,10.742,9.277,384.277,37.598,78.125
1641437275.696,-3.418,5.371,161.621,-32.227,75.684
1641437275.700,27.832,0.977,126.465,17.578,65.918
1641437275.704,49.316,0.000,351.562,77.148,86.426
1641437275.708,20.996,-5.371,364.258,16.602,89.355
1641437275.712,-8.301,-0.488,117.676,-90.820,74.219
1641437275.716,17.578,10.254,-83.984,-77.148,63.477
1641437275.720,49.805,11.719,-41.504,22.949,75.195
1641437275.723,37.109,6.348,180.176,34.180,96.191
1641437275.727,3.418,-0.977,-103.027,-55.664,40.039
1641437275.731,-1.465,-0.488,-526.855,-63.965,-49.316
1641437275.735,29.297,6.836,-214.355,53.711,9.766
1641437275.739,38.574,8.301,84.473,105.469,68.848
1641437275.741,-1.953,7.812,-107.422,9.277,21.484
1641437275.745,-10.742,4.395,-198.242,-38.086,29.297
1641437275.749,25.879,-0.488,-13.184,46.387,50.293
1641437275.753,39.062,0.000,62.012,122.070,62.988
1641437275.757,11.719,1.953,-61.523,62.500,62.500
1641437275.761,-1.953,3.418,-292.480,-7.324,47.852
1641437275.765,29.785,10.254,-276.855,53.223,29.297
1641437275.768,55.176,10.254,3.906,138.184,61.523
1641437275.772,31.738,6.348,-223.145,99.609,60.547
1641437275.776,2.441,7.324,-378.418,8.789,38.574
1641437275.780,17.090,9.766,-129.395,16.602,51.758
1641437275.784,44.434,3.418,-75.195,103.516,65.918
1641437275.786,35.645,-2.930,-84.961,116.211,103.027
1641437275.790,0.000,2.930,-187.500,7.812,78.613
1641437275.794,0.000,8.301,-220.215,-25.391,78.125
1641437275.798,32.715,12.207,-229.004,74.707,84.473
1641437275.802,42.480,11.230,-164.551,127.441,81.055
1641437275.806,7.812,8.301,-181.152,40.039,67.383
1641437275.810,-2.441,9.277,-342.285,-9.766,75.684
1641437275.813,33.203,7.812,-406.250,68.359,94.727
1641437275.817,47.852,3.418,-202.148,137.695,112.793
1641437275.821,14.648,0.000,88.379,68.359,137.207
1641437275.825,-6.836,5.859,15.137,-21.973,81.543
1641437275.829,14.648,7.812,-208.984,7.812,39.062
1641437275.832,42.480,4.883,-111.328,84.473,66.895
1641437275.836,25.879,4.883,171.875,64.453,76.172
1641437275.840,-4.395,4.395,51.758,-32.227,12.695
1641437275.844,5.859,1.465,-314.453,-23.926,-14.160
1641437275.848,42.969,6.348,-166.016,75.195,46.875
1641437275.852,59.570,17.578,188.477,94.727,44.922
1641437275.856,44.922,11.719,78.125,27.832,31.250
1641437275.859,34.668,-2.930,-197.266,2.930,77.148
1641437275.863,41.016,0.488,-53.223,64.941,83.496
1641437275.867,44.922,9.766,350.586,111.816,74.219
1641437275.871,20.508,7.812,156.738,24.414,46.875
1641437275.875,11.719,3.418,-13.184,-34.180,42.480
1641437275.876,37.109,5.859,205.078,29.297,60.059
1641437275.880,50.781,7.324,393.066,96.191,68.359
1641437275.884,19.043,3.906,274.414,47.852,76.660
1641437275.888,-7.812,1.465,98.145,-42.480,37.109
1641437275.892,16.602,2.930,179.199,-5.859,26.855
1641437275.896,45.898,3.418,271.484,83.008,77.637
1641437275.900,32.227,-0.977,70.312,72.754,85.938
1641437275.903,0.488,0.000,-172.852,-16.602,60.059
1641437275.907,9.766,2.930,-40.527,-27.832,48.340
1641437275.911,40.039,-0.488,202.637,68.848,65.918
1641437275.915,33.691,-1.953,132.812,72.754,89.844
1641437275.919,-0.488,2.930,-72.754,-31.738,49.805
1641437275.922,-1.953,11.230,-24.902,-44.922,24.414
1641437275.926,31.250,12.207,71.777,46.387,46.875
1641437275.930,43.945,8.301,-38.086,96.680,63.965
1641437275.934,14.648,9.766,-77.637,5.371,79.590
1641437275.938,0.488,5.371,24.902,-68.359,57.617
1641437275.942,31.738,3.418,-83.008,0.000,0.000
1641437275.946,57.129,10.254,-279.297,78.125,-6.348
1641437275.949,34.180,8.301,-207.031,34.180,-32.715
1641437275.953,9.766,10.254,-17.578,-47.363,-38.086
1641437275.957,33.203,16.602,-242.188,-13.672,-16.113
1641437275.961,63.477,13.184,-230.957,82.520,-26.367
1641437275.965,45.898,7.812,145.996,80.078,28.809
1641437275.967,13.184,10.254,128.418,-15.625,70.801
1641437275.971,16.113,10.254,-166.016,-27.344,8.301
1641437275.975,45.898,4.395,-122.070,64.453,11.719
1641437275.979,53.223,6.348,146.484,104.004,28.809
1641437275.983,12.207,14.160,99.609,11.230,35.156
1641437275.987,-2.930,16.113,-238.770,-37.598,27.832
1641437275.991,27.832,11.230,-316.895,39.062,-0.488
1641437275.994,38.574,10.254,23.438,104.492,22.949
1641437275.998,6.836,11.719,165.527,37.598,49.805
1641437276.002,-11.719,11.719,-273.926,-44.434,49.316
1641437276.006,9.766,8.789,-400.879,16.602,30.273
1641437276.010,36.621,10.742,68.848,104.004,77.148
1641437276.027,24.902,7.812,97.168,76.660,70.801
1641437276.031,-1.465,6.348,-131.836,-4.395,31.250
1641437276.035,13.672,12.695,-110.352,4.395,64.941
1641437276.039,52.734,14.160,142.090,99.121,113.770
1641437276.043,55.664,17.090,246.094,110.840,103.516
1641437276.047,22.461,17.090,-251.953,13.672,40.039
1641437276.051,19.043,16.113,-444.824,-5.371,55.664
1641437276.054,55.664,15.137,22.461,76.660,73.242
1641437276.058,62.500,11.719,119.141,105.469,72.266
1641437276.062,22.949,11.719,-41.504,17.578,83.496
1641437276.066,10.742,6.836,-72.266,-38.086,77.637
1641437276.070,34.668,2.930,44.922,29.785,69.824
1641437276.086,48.340,10.254,25.391,97.656,26.855
1641437276.090,21.484,12.207,-42.969,37.598,27.832
1641437276.094,0.000,8.789,-153.809,-40.039,12.207
1641437276.098,20.996,7.812,-229.980,3.418,8.789
1641437276.102,43.457,7.812,-150.391,87.891,37.109
1641437276.106,28.809,11.719,-215.820,72.754,27.344
1641437276.110,-2.930,8.301,-247.559,-14.648,28.320
1641437276.113,16.113,0.000,-131.348,6.348,11.230
1641437276.117,65.918,11.230,-83.496,122.070,40.039
1641437276.121,41.992,20.996,-296.387,110.352,73.242
1641437276.125,-21.484,16.602,-151.367,-16.602,51.758
1641437276.129,-17.090,13.672,-26.855,-41.504,13.184
1641437276.135,20.996,8.789,-71.289,42.969,6.836
1641437276.139,29.297,14.648,150.391,95.703,47.852
1641437276.143,-6.348,18.066,291.504,18.066,68.359
1641437276.147,-27.832,19.531,109.375,-53.223,40.527
1641437276.151,1.953,18.555,34.668,4.883,38.574
1641437276.155,28.809,13.672,158.691,83.984,56.152
1641437276.159,2.930,11.230,166.504,45.410,45.410
1641437276.162,-23.926,5.859,59.570,-38.086,71.777
1641437276.166,-3.906,6.836,27.832,3.418,46.875
1641437276.170,29.297,9.277,408.691,98.633,46.875
1641437276.174,27.344,5.859,590.332,85.449,68.848
1641437276.178,-2.930,8.301,203.125,-2.930,27.832
1641437276.162,-4.395,10.254,51.758,-20.508,15.137
1641437276.166,26.855,8.789,405.273,64.453,82.520
1641437276.170,31.738,12.695,579.102,82.520,92.285
1641437276.174,-4.883,15.625,332.520,-12.207,36.133
1641437276.178,-12.207,16.602,204.102,-41.504,28.320
1641437276.182,21.973,18.555,339.844,40.527,52.246
1641437276.186,33.203,16.113,382.324,92.773,51.270
1641437276.189,3.418,11.230,227.539,3.418,41.992
1641437276.193,-10.742,9.277,31.250,-67.383,49.805
1641437276.197,16.602,10.742,102.051,0.488,43.457
1641437276.201,40.527,13.672,307.129,82.031,73.730
1641437276.205,24.902,17.578,185.059,50.781,98.633
1641437276.206,3.906,15.137,-226.562,-39.551,27.832
1641437276.210,18.066,15.625,-52.734,-17.578,24.902
1641437276.214,43.945,18.066,434.082,85.449,70.801
1641437276.218,38.574,10.742,227.051,84.961,46.875
1641437276.222,8.789,6.348,-18.555,-7.812,36.133
1641437276.226,13.672,10.742,125.977,-12.207,44.434
1641437276.230,48.828,15.625,202.637,74.219,55.664
1641437276.233,49.805,17.578,41.504,104.492,106.445
1641437276.237,19.043,19.531,-38.574,16.602,117.676
1641437276.241,15.137,19.531,200.684,-33.203,91.309
1641437276.245,50.781,18.066,178.223,38.574,90.820
1641437276.249,66.406,19.531,140.137,106.934,143.555
1641437276.250,28.320,19.531,258.789,40.527,134.766
1641437276.254,1.953,9.766,249.512,-40.039,52.734
1641437276.258,22.949,5.371,14.648,-0.488,36.621
1641437276.262,51.270,10.254,-137.695,75.195,42.969
1641437276.266,38.574,16.602,142.578,62.988,94.238
1641437276.270,6.348,16.602,61.035,-23.926,89.355
1641437276.274,13.672,13.184,-281.250,-14.648,35.645
1641437276.277,41.992,17.090,-326.172,81.055,13.184
1641437276.281,31.738,19.043,52.246,84.961,38.574
1641437276.285,-8.301,6.836,191.406,-18.066,40.527
1641437276.289,-11.230,-5.371,-59.570,-51.270,-1.465
1641437276.293,19.531,3.906,67.871,37.109,47.363
1641437276.341,25.879,12.207,356.934,85.938,113.281
1641437276.345,-1.465,16.113,136.230,-0.488,55.664
1641437276.349,-5.859,20.996,-333.496,-44.922,-9.277
1641437276.353,26.367,19.531,-185.547,40.039,8.301
1641437276.357,49.805,15.137,187.012,114.746,49.805
1641437276.361,29.785,13.184,21.484,66.406,111.328
1641437276.365,8.789,14.160,-233.398,-15.137,73.730
1641437276.368,35.645,17.090,-104.980,26.855,36.133
1641437276.372,70.312,14.160,106.445,122.070,84.473
1641437276.376,44.922,10.254,41.504,99.121,79.590
1641437276.380,-0.977,7.812,-381.836,-18.555,40.039
1641437276.384,14.648,10.742,-393.066,-26.367,87.402
1641437276.345,54.688,14.648,-27.832,76.660,89.355
1641437276.349,57.129,13.184,10.254,100.586,84.961
1641437276.353,25.391,12.207,-161.621,6.836,104.492
1641437276.357,29.785,18.555,-150.879,-18.555,101.074
1641437276.361,62.988,21.973,-112.793,63.477,60.059
1641437276.365,62.500,13.672,-203.125,106.445,10.742
1641437276.369,24.902,3.418,-271.484,22.461,-6.836
1641437276.372,17.578,7.812,-170.898,-38.086,12.207
1641437276.376,43.945,15.625,-58.105,23.926,15.137
1641437276.380,58.105,17.578,-19.043,91.309,1.465
1641437276.384,28.320,16.602,60.059,45.410,38.574
1641437276.388,-5.371,15.625,-11.230,-46.875,24.902
1641437276.400,12.207,16.113,-118.652,-23.438,-7.324
1641437276.404,36.133,11.719,-75.195,58.594,-28.809
1641437276.408,17.578,10.254,31.250,49.805,-24.902
1641437276.412,-12.695,5.859,7.324,-29.785,-0.977
1641437276.416,-2.441,0.488,-56.152,-28.809,-15.625
1641437276.420,28.320,12.207,-207.031,72.754,-41.992
1641437276.424,31.250,18.066,-390.625,98.145,-63.965
1641437276.427,1.465,16.113,-448.730,1.953,-37.109
1641437276.431,-0.977,14.648,-538.574,-32.227,-10.742
1641437276.435,33.203,15.137,-240.234,50.781,19.531
1641437276.439,48.828,17.578,278.320,113.281,100.586
1641437276.443,20.996,22.949,434.082,32.715,99.609
1641437276.445,0.000,26.855,209.473,-48.340,47.852
1641437276.449,19.043,15.137,110.840,0.000,9.277
1641437276.453,42.480,7.324,387.695,69.336,24.414
1641437276.457,19.531,17.090,468.750,20.508,66.895
1641437276.461,-6.348,18.066,180.176,-85.449,13.672
1641437276.465,14.648,14.648,-4.883,-60.059,32.715
1641437276.469,41.992,10.254,104.492,42.969,105.469
1641437276.472,28.320,9.766,335.449,48.340,152.344
1641437276.476,0.488,11.230,51.758,-44.434,100.586
1641437276.480,3.418,7.324,-307.129,-71.289,15.625
1641437276.484,27.832,1.953,-95.703,9.277,39.062
1641437276.488,31.738,0.977,167.480,57.129,61.035
1641437276.490,-3.418,6.836,-126.953,-25.391,55.664
1641437276.494,-12.207,12.207,-422.363,-61.523,3.418
1641437276.498,18.066,16.602,-71.289,18.066,45.898
1641437276.502,33.203,19.043,50.293,73.730,74.219
1641437276.506,4.395,17.090,-66.406,20.996,48.828
1641437276.510,-19.531,12.695,-283.691,-47.363,34.180
1641437276.514,0.000,10.742,-297.363,9.766,59.082
1641437276.517,25.879,16.113,-25.391,98.633,109.863
1641437276.521,1.465,8.301,-278.320,67.383,51.270
1641437276.525,-27.832,4.395,-447.754,-23.438,4.883
1641437276.529,-8.789,15.625,-145.020,-16.113,31.738
1641437276.533,18.555,20.020,-96.191,70.312,38.574
1641437276.537,25.391,19.043,-63.965,83.008,68.359
1641437276.541,2.930,18.066,-210.938,-14.160,38.086
1641437276.545,6.836,17.090,-290.527,-42.969,-0.977
1641437276.549,35.156,16.602,-378.418,38.086,-31.250
1641437276.553,46.875,17.090,-422.852,102.051,-12.207
1641437276.557,17.578,14.648,-437.988,25.879,36.621
1641437276.561,12.695,24.902,-683.594,-12.695,31.250
1641437276.564,45.898,24.414,-843.262,79.102,39.551
1641437276.568,43.945,17.578,-896.484,138.672,38.574
1641437276.572,26.367,33.691,-771.973,104.004,56.641
1641437276.576,10.742,37.598,-901.367,23.926,-3.906
1641437276.580,11.719,31.738,-982.910,37.109,-47.852
1641437276.581,20.508,30.273,-963.379,121.582,-10.254
1641437276.585,8.789,33.691,-969.238,125.488,31.738
1641437276.589,-21.973,42.480,-969.727,36.621,72.266
1641437276.593,-28.320,46.387,-969.238,21.973,45.410
1641437276.597,-13.184,42.480,-969.238,97.656,33.203
1641437276.601,-15.625,46.387,-969.238,112.305,30.762
1641437276.605,-41.992,49.805,-969.727,27.344,4.395
1641437276.608,-51.270,51.270,-969.238,-8.301,-37.109
1641437276.612,-15.137,57.129,-969.238,70.312,-67.383
1641437276.616,-8.789,56.641,-969.238,121.094,-18.555
1641437276.620,-51.270,41.504,-969.238,30.762,-30.273
1641437276.624,-67.383,38.574,-969.238,-51.758,-40.039
1641437276.640,-47.852,51.758,-969.238,3.906,51.270
1641437276.644,-31.738,53.711,-969.238,78.613,58.594
1641437276.648,-60.059,49.316,-969.238,33.203,-5.371
1641437276.652,-86.914,50.781,-969.238,-43.457,-28.809
1641437276.656,-68.848,53.223,-969.727,-20.508,-40.039
1641437276.660,-38.574,52.246,-969.238,54.688,-10.742
1641437276.664,-37.109,49.805,-969.727,41.016,27.344
1641437276.667,-65.918,41.992,-967.773,-64.453,-23.438
1641437276.671,-62.012,35.156,-973.145,-69.824,0.000
1641437276.675,-21.484,32.715,-959.961,42.969,33.203
1641437276.679,-15.625,34.180,-944.824,69.336,38.574
1641437276.683,-48.828,41.016,-964.355,-36.621,51.758
1641437276.671,-56.641,35.645,-969.727,-86.426,40.527
1641437276.675,-29.785,18.066,-942.383,-20.020,53.223
1641437276.679,-13.672,18.066,-800.293,48.828,111.816
1641437276.683,-30.762,24.414,-747.559,-18.066,123.535
1641437276.687,-41.504,19.043,-883.301,-102.051,62.012
1641437276.691,-13.184,14.648,-894.531,-35.645,33.203
1641437276.695,28.320,20.020,-705.566,58.105,50.781
1641437276.698,21.973,22.461,-465.332,16.113,76.172
1641437276.702,-4.883,17.090,-462.402,-90.332,50.781
1641437276.706,19.531,16.113,-561.035,-67.871,24.414
1641437276.710,61.035,17.090,-686.035,40.527,39.062
1641437276.714,57.617,18.555,-463.379,42.969,48.340
1641437276.731,31.738,19.043,-108.398,-53.711,55.664
1641437276.735,39.551,17.090,-182.617,-74.219,6.836
1641437276.739,77.148,11.719,-22.461,24.414,28.809
1641437276.743,79.102,10.742,290.527,77.637,60.547
1641437276.747,43.457,11.230,291.992,-15.625,28.809
1641437276.751,28.320,5.371,-46.875,-73.242,-25.879
1641437276.755,51.758,5.371,-89.355,-8.789,-47.363
1641437276.758,75.684,9.277,389.648,62.012,16.113
1641437276.762,41.016,1.465,478.516,12.695,19.043
1641437276.766,13.672,-9.277,117.188,-59.570,-35.645
1641437276.770,46.387,-8.301,148.926,6.836,-21.973
1641437276.774,82.031,-3.906,563.477,104.004,58.105
1641437276.776,68.848,-5.371,586.426,82.520,80.566
1641437276.780,37.109,-7.324,329.590,-12.207,29.785
1641437276.784,52.734,-2.930,332.031,-4.395,0.488
1641437276.788,90.332,-3.418,682.617,94.727,21.973
1641437276.792,79.590,-11.230,832.520,100.586,65.430
1641437276.796,45.898,-8.789,573.242,15.137,47.363
1641437276.800,49.316,-2.930,412.109,-2.441,-2.930
1641437276.803,79.590,3.906,703.613,79.102,31.738
1641437276.807,86.914,9.277,937.012,130.859,104.492
1641437276.811,51.758,2.930,568.359,48.340,70.801
1641437276.815,38.574,2.930,487.305,-4.395,62.988
1641437276.819,64.453,6.836,907.715,75.684,83.008
1641437276.821,82.520,4.883,949.707,140.137,59.082
1641437276.825,62.988,6.348,916.504,83.984,23.926
1641437276.829,33.203,7.812,752.930,-15.625,-29.785
1641437276.833,43.945,-0.977,732.422,7.812,9.277
1641437276.837,75.684,-2.930,890.625,102.051,14.648
1641437276.841,60.547,4.883,826.660,90.332,14.160
1641437276.845,27.344,12.695,815.430,-1.465,33.203
1641437276.848,41.992,9.766,898.926,-2.930,31.738
1641437276.852,71.777,-2.441,916.992,86.914,20.020
1641437276.856,73.242,-0.977,854.004,108.887,18.066
1641437276.860,36.133,4.395,-997.070,16.602,32.227
1641437276.864,28.320,0.000,-997.070,-22.949,-7.812
1641437276.866,61.523,-2.441,993.164,63.477,1.953
1641437276.870,70.312,-2.441,995.117,119.629,56.152
1641437276.874,39.551,2.441,-989.258,41.504,45.898
1641437276.878,28.320,2.441,958.008,-26.855,8.301
1641437276.882,54.199,-3.418,916.992,28.320,48.828
1641437276.886,73.730,-3.418,944.824,97.656,101.074
1641437276.890,48.828,1.465,844.727,47.363,62.012
1641437276.893,20.508,5.859,707.031,-41.504,28.809
1641437276.897,44.434,8.301,402.832,-18.555,24.414
1641437276.901,80.566,12.207,438.477,72.754,-7.324
1641437276.905,69.336,14.160,821.289,65.918,22.461
1641437276.909,38.574,15.137,645.020,-30.273,33.691
1641437276.911,46.875,13.672,429.199,-45.898,3.418
1641437276.915,72.266,14.160,546.875,34.668,48.828
1641437276.919,78.613,20.508,643.555,74.707,75.684
1641437276.923,39.062,21.973,433.105,-3.418,65.430
1641437276.927,17.090,20.020,221.680,-34.180,101.074
1641437276.931,48.340,20.020,181.641,49.316,93.750
1641437276.935,60.059,19.043,257.324,114.746,71.777
1641437276.938,27.344,16.113,187.500,42.969,80.078
1641437276.942,12.207,19.531,-46.875,-31.250,27.832
1641437276.946,40.039,24.414,94.238,21.484,20.020
1641437276.950,56.641,21.973,320.801,91.309,43.457
1641437276.954,35.156,18.555,210.449,58.105,22.461
1641437276.956,13.184,21.484,0.488,-41.992,4.395
1641437276.960,27.344,24.902,1.465,-36.133,10.742
1641437276.964,54.199,24.902,189.453,72.754,56.152
1641437276.968,49.805,20.020,-12.695,84.961,47.852
1641437276.972,20.020,18.555,-341.309,-19.531,-4.395
1641437276.976,22.949,20.020,-236.328,-47.852,25.391
1641437276.980,55.176,20.508,-129.395,41.016,57.129
1641437276.983,62.988,14.160,-215.820,93.750,13.184
1641437276.987,34.180,16.602,-216.797,17.578,-21.484
1641437276.991,20.996,28.809,23.926,-20.996,30.762
1641437276.995,48.340,24.902,40.527,62.500,50.293
1641437276.999,81.055,16.113,2.441,156.738,47.363
1641437277.002,50.293,22.461,-29.785,110.840,80.566
1641437277.006,-8.301,27.832,2.441,-3.906,93.750
1641437277.010,-0.977,25.879,-131.348,30.273,31.250
1641437277.014,36.133,28.809,-105.957,123.535,48.340
1641437277.018,23.926,30.273,168.457,92.285,96.191
1641437277.022,-10.254,27.344,48.828,0.977,82.031
1641437277.026,-0.977,27.344,-148.926,0.488,77.637
1641437277.029,33.203,27.832,-221.680,82.031,65.430
1641437277.033,31.738,22.461,86.426,95.215,76.660
1641437277.037,-9.277,14.648,265.625,-2.930,87.891
1641437277.041,-13.672,14.160,120.605,-28.809,70.312
1641437277.045,22.949,20.508,245.117,56.641,42.969
1641437277.047,35.156,23.438,510.254,112.305,81.543
1641437277.051,4.395,23.926,440.430,35.156,96.191
1641437277.055,-9.277,24.414,148.438,-30.273,64.941
1641437277.059,23.438,25.879,207.520,43.945,33.691
1641437277.063,53.223,28.320,468.750,120.117,19.531
1641437277.067,34.668,24.902,379.395,59.082,6.348
1641437277.071,12.207,18.555,-97.168,-28.320,-46.387
1641437277.074,30.762,16.602,-247.070,7.324,-59.082
1641437277.078,56.641,21.484,316.895,92.773,41.504
1641437277.082,43.457,21.484,545.898,86.426,53.223
1641437277.086,14.648,27.832,312.988,-11.719,12.207
1641437277.090,18.555,27.344,302.734,-32.715,13.672
1641437277.106,47.852,20.996,503.906,72.266,55.176
1641437277.110,45.410,18.555,512.207,93.262,81.055
1641437277.114,3.418,17.578,278.320,-16.113,29.297
1641437277.118,0.000,21.973,253.906,-38.086,11.230
1641437277.122,38.574,22.461,283.203,37.109,32.227
1641437277.126,53.223,18.066,129.395,97.168,0.488
1641437277.130,25.391,15.137,-162.109,42.480,-70.312
1641437277.133,4.883,18.066,-14.648,-25.879,-48.340
1641437277.137,27.832,20.508,352.051,38.086,-4.883
1641437277.141,48.828,23.926,386.230,121.582,15.137
1641437277.145,27.832,23.926,366.211,86.426,47.363
1641437277.149,2.441,21.484,299.316,-4.883,0.488
1641437277.139,17.578,24.902,177.246,10.254,-62.500
1641437277.143,42.969,26.367,273.926,103.027,-1.953
1641437277.147,30.273,20.996,436.523,98.633,53.223
1641437277.151,-9.766,13.184,369.141,-1.465,11.719
1641437277.155,-10.254,9.277,284.180,-12.207,-30.762
1641437277.159,24.902,5.859,278.809,77.637,-30.762
1641437277.163,27.344,4.395,368.652,96.191,17.090
1641437277.166,-6.836,11.230,372.070,3.418,11.230
1641437277.170,-8.301,18.066,174.805,-40.527,-47.852
1641437277.174,24.902,22.949,133.789,20.020,-13.672
1641437277.178,40.527,26.367,394.043,70.801,54.688
1641437277.182,15.625,26.367,515.625,10.254,52.734
1641437277.196,-7.812,20.996,165.039,-59.082,-5.371
1641437277.200,17.090,19.043,-15.625,-9.277,7.812
1641437277.204,42.480,22.461,303.711,67.871,101.074
1641437277.208,24.902,24.414,430.664,52.246,135.742
1641437277.212,0.977,24.902,115.234,-41.992,76.660
1641437277.216,16.602,20.020,-405.273,-39.551,31.250
1641437277.220,54.199,20.996,-218.750,60.059,48.828
1641437277.223,50.293,26.367,296.875,65.430,99.121
1641437277.227,8.301,22.949,103.027,-38.086,105.957
1641437277.231,13.672,22.461,-45.898,-77.148,83.496
1641437277.235,52.246,28.809,102.051,9.766,107.422
1641437277.239,55.664,20.996,92.773,59.570,90.332
1641437277.240,23.438,14.160,-121.582,-17.090,5.371
1641437277.244,15.137,15.625,-245.117,-54.199,-25.391
1641437277.248,41.016,14.648,-53.711,12.695,-5.859
1641437277.252,48.828,17.578,60.059,69.336,-22.949
1641437277.256,20.996,20.508,-36.621,27.832,-1.953
1641437277.260,2.441,14.160,-287.109,-44.434,-16.113
1641437277.264,21.973,15.625,-356.934,-5.859,-42.480
1641437277.267,42.480,23.926,-102.539,81.055,10.742
1641437277.271,21.484,26.855,-348.633,65.918,-11.230
1641437277.275,-4.395,31.738,-476.074,-13.672,-41.504
1641437277.279,10.254,29.785,-189.453,-6.836,-34.180
1641437277.283,44.922,25.391,-141.602,89.355,-28.320
1641437277.287,47.852,25.879,-101.074,114.258,9.766
1641437277.291,16.602,24.414,-215.820,32.227,17.578
1641437277.295,13.672,23.926,-245.117,7.324,13.184
1641437277.299,41.504,25.391,-199.707,82.520,22.461
1641437277.303,47.852,20.020,-184.082,125.000,34.668
1641437277.307,16.113,15.625,-217.773,41.992,17.090
1641437277.311,9.766,25.879,-352.051,-18.555,-14.648
1641437277.314,35.645,26.855,-399.414,43.457,-17.578
1641437277.318,48.340,28.809,-325.684,115.723,11.230
1641437277.322,28.320,32.715,-5.859,78.613,27.832
1641437277.326,2.441,24.902,-24.902,-17.090,-3.418
1641437277.330,19.531,20.508,-158.691,0.977,-12.207
1641437277.331,51.758,21.973,8.789,95.215,20.996
1641437277.335,41.992,27.344,150.879,89.355,51.758
1641437277.339,7.324,27.832,-8.789,-12.695,14.648
1641437277.343,10.254,25.879,-261.230,-34.668,-13.672
1641437277.347,43.945,21.484,-242.676,55.176,6.836
1641437277.351,41.992,14.648,-170.898,85.938,-44.922
1641437277.355,6.836,17.578,-270.508,0.488,-76.172
1641437277.358,-0.977,16.113,-569.824,-41.504,-86.914
1641437277.362,25.879,16.113,-484.863,25.879,-67.383
1641437277.366,37.598,18.066,135.742,90.332,3.906
1641437277.370,2.441,14.160,90.820,21.484,17.578
1641437277.374,-19.043,15.625,-135.742,-45.898,8.789
1641437277.391,3.906,14.648,-22.461,18.555,-12.207
1641437277.395,20.996,10.254,145.508,85.938,2.441
1641437277.399,0.000,10.254,65.430,51.758,-8.789
1641437277.403,-23.926,10.254,-180.176,-28.320,-21.484
1641437277.407,-5.371,13.184,-183.594,-20.508,-26.367
1641437277.411,28.809,9.766,-74.219,63.965,-19.531
1641437277.415,25.879,3.906,-185.547,77.637,-10.254
1641437277.418,-1.465,8.301,-580.078,-10.254,-65.430
1641437277.422,12.695,19.531,-429.688,-16.113,-99.121
1641437277.426,47.852,28.320,-25.391,87.402,-52.246
1641437277.430,50.781,27.832,-8.789,116.699,-34.668
1641437277.434,16.113,26.367,-138.672,22.461,-43.457
1641437277.436,8.789,31.738,-195.801,-22.461,-38.086
1641437277.440,44.434,33.691,-169.922,63.477,-50.781
1641437277.444,57.617,34.668,-77.637,130.371,-13.184
1641437277.448,29.297,39.551,-104.492,59.082,-24.414
1641437277.452,14.648,38.086,-224.121,-9.766,-39.551
1641437277.456,43.945,37.109,-477.051,49.316,-30.762
1641437277.460,64.453,38.086,-483.887,131.348,-29.297
1641437277.463,35.645,37.109,-326.172,104.492,27.344
1641437277.467,5.859,36.133,-454.102,5.859,48.828
1641437277.471,18.066,35.645,-738.281,-5.859,22.949
1641437277.475,39.551,31.738,-969.727,91.797,-23.438
1641437277.479,28.809,32.227,-954.590,115.723,-8.789
1641437277.481,-8.789,35.645,-947.266,27.344,42.480
1641437277.485,-19.043,30.762,-972.168,4.395,51.758
1641437277.489,9.766,26.855,-969.238,87.891,32.715
1641437277.493,11.719,41.992,-968.750,130.859,57.129
1641437277.497,-26.855,53.223,-969.238,37.109,25.391
1641437277.501,-40.527,46.875,-969.727,-15.625,-39.062
1641437277.505,-12.207,45.898,-969.238,58.105,-18.555
1641437277.508,5.371,49.805,-969.238,129.883,-6.836
1641437277.512,-23.438,49.316,-969.727,79.590,-11.719
1641437277.516,-53.223,52.734,-969.727,-2.930,-51.270
1641437277.520,-39.551,58.594,-969.238,36.621,-44.434
1641437277.524,-9.277,65.918,-969.238,118.652,47.363
1641437277.542,-16.602,70.801,-969.727,89.844,88.379
1641437277.546,-50.293,65.430,-969.238,-21.973,23.438
1641437277.550,-44.922,62.012,-969.238,-32.227,-26.367
1641437277.554,-14.648,70.801,-969.238,66.895,2.930
1641437277.558,-22.461,75.684,-969.727,63.965,37.109
1641437277.562,-55.176,74.219,-969.238,-43.457,13.672
1641437277.566,-59.082,70.801,-969.727,-66.406,-14.160
1641437277.569,-27.344,68.848,-969.727,2.441,3.418
1641437277.573,-15.137,68.359,-969.727,32.715,21.973
1641437277.577,-43.945,65.918,-969.727,-64.941,-1.465
1641437277.581,-60.547,63.965,-969.238,-156.250,-44.922
1641437277.585,-36.621,61.523,-969.238,-103.027,-44.922
1641437277.603,-10.742,58.105,-969.727,-28.320,-44.922
1641437277.607,-31.738,57.617,-969.238,-81.543,-42.969
1641437277.611,-58.594,56.152,-969.727,-176.758,-15.625
1641437277.615,-40.039,52.246,-968.750,-149.414,-24.414
1641437277.619,-8.301,53.223,-964.355,-56.641,-46.387
1641437277.623,-20.020,44.922,-968.750,-65.430,-31.738
1641437277.627,-46.387,35.645,-966.797,-142.090,22.461
1641437277.630,-31.250,34.180,-964.844,-135.254,11.230
1641437277.634,-2.930,30.762,-972.656,-48.340,8.301
1641437277.638,4.395,28.809,-763.672,-19.043,43.457
1641437277.642,-13.672,28.320,-667.480,-106.445,10.742
1641437277.646,-16.113,13.184,-703.613,-139.160,0.488
1641437277.608,13.184,0.488,-810.059,-51.758,41.504
1641437277.612,34.180,11.230,-702.637,20.996,69.824
1641437277.616,6.836,12.695,-387.207,-36.621,91.309
1641437277.620,-5.859,5.859,-512.695,-94.238,17.578
1641437277.624,32.227,6.836,-485.840,-19.043,-18.066
1641437277.628,57.129,9.277,-291.992,66.895,-9.766
1641437277.632,46.875,7.324,-178.223,47.852,-18.555
1641437277.635,30.762,-1.465,-221.680,-31.738,-53.711
1641437277.639,41.504,-5.371,-261.719,-14.648,-75.684
1641437277.643,78.613,0.488,23.926,87.402,-2.930
1641437277.647,81.055,2.930,215.332,88.379,6.348
1641437277.651,43.457,-1.465,90.332,-9.277,-10.742
1641437277.661,46.875,-3.418,9.277,-16.602,4.395
1641437277.665,85.449,3.418,244.141,74.707,34.180
1641437277.669,87.891,6.348,484.863,106.934,37.598
1641437277.673,48.340,2.930,408.203,15.625,24.414
1641437277.677,37.598,0.977,43.945,-22.949,-26.367
1641437277.681,67.871,1.465,-23.438,61.523,-32.227
1641437277.685,85.449,6.348,437.988,129.883,14.648
1641437277.688,62.988,5.859,787.109,62.500,80.566
1641437277.692,43.457,10.254,631.836,-32.227,67.383
1641437277.696,63.477,12.695,669.434,20.020,73.730
1641437277.700,83.496,5.371,967.773,119.141,118.652
1641437277.704,65.430,6.348,885.742,95.703,50.293
1641437277.706,33.203,-0.488,778.809,7.324,8.789
1641437277.710,39.062,-7.324,898.926,26.855,34.180
1641437277.714,68.359,-2.441,970.215,133.301,16.113
1641437277.718,61.035,-0.488,-1000.000,147.461,41.016
1641437277.722,26.855,2.441,991.211,45.898,58.594
1641437277.726,29.297,5.371,922.852,9.766,16.602
1641437277.730,67.383,4.883,924.316,89.355,-25.879
1641437277.733,80.566,4.395,846.191,134.277,9.277
1641437277.737,50.781,5.859,865.723,55.664,64.453
1641437277.741,39.551,4.395,-985.352,4.395,58.594
1641437277.745,65.430,2.930,995.605,73.242,48.828
1641437277.749,87.891,8.789,995.117,146.973,26.367
1641437277.752,64.941,10.742,-995.117,111.816,42.480
1641437277.756,40.039,5.859,919.434,33.203,5.371
1641437277.760,61.523,10.254,829.590,70.312,-40.527
1641437277.764,84.961,13.672,751.465,150.391,-10.742
1641437277.768,71.289,12.695,629.395,115.723,-65.430
1641437277.772,40.527,12.695,728.516,2.930,-68.848
1641437277.776,42.480,11.719,814.453,-10.742,-9.766
1641437277.779,73.242,15.625,842.285,87.402,13.672
1641437277.783,76.660,20.020,-998.047,101.074,17.578
1641437277.787,39.062,13.672,-991.211,1.465,-6.348
1641437277.791,32.227,8.789,934.082,-20.020,-34.180
1641437277.795,69.336,10.254,937.500,65.918,9.766
1641437277.797,85.938,6.348,-982.422,119.629,57.617
1641437277.801,54.688,1.465,963.379,38.574,62.500
1641437277.805,37.109,3.418,644.043,-26.367,32.715
1641437277.809,69.336,8.789,557.129,33.691,10.254
1641437277.813,87.891,9.766,717.285,110.352,0.488
1641437277.817,55.664,8.301,569.824,69.336,5.859
1641437277.821,25.879,4.395,74.707,-20.996,24.414
1641437277.824,42.480,7.324,-83.496,8.789,-19.043
1641437277.828,67.383,10.254,426.758,118.164,29.297
1641437277.832,53.711,5.371,633.301,125.488,91.309
1641437277.836,19.043,6.348,405.762,23.926,34.180
1641437277.840,19.043,6.348,375.977,-0.977,29.297
1641437277.856,50.293,11.719,500.977,82.520,3.906
1641437277.860,53.223,20.020,500.000,115.234,0.977
1641437277.864,18.066,17.090,423.340,33.203,34.180
1641437277.868,13.184,13.672,375.000,-6.836,26.855
1641437277.872,47.363,13.672,390.625,67.871,4.883
1641437277.876,56.152,11.719,278.320,138.184,-45.898
1641437277.880,21.973,14.160,-28.320,76.660,-44.922
1641437277.883,10.742,19.531,83.496,6.348,-5.859
1641437277.887,41.504,23.926,342.285,53.223,40.527
1641437277.891,59.570,21.973,347.168,128.418,42.480
1641437277.895,36.621,19.043,393.066,98.633,39.551
1641437277.899,12.695,19.043,271.973,19.043,27.344
1641437277.901,24.902,20.508,168.945,38.574,45.410
1641437277.905,55.664,25.879,248.535,121.582,62.988
1641437277.909,54.688,32.715,293.457,113.281,32.715
1641437277.913,15.625,24.902,236.816,11.719,9.766
1641437277.917,15.137,19.043,127.441,6.836,-41.504
1641437277.921,51.758,22.461,19.043,98.633,-52.246
1641437277.925,51.758,23.438,44.434,128.418,13.672
1641437277.928,11.719,20.508,35.156,42.480,20.996
1641437277.932,0.977,20.020,-53.223,-1.953,0.000
1641437277.936,30.273,19.531,-280.762,66.895,0.977
1641437277.940,38.574,10.742,-169.434,124.023,42.969
1641437277.944,3.906,14.160,195.312,54.199,46.387
1641437277.947,-18.555,19.043,1.953,-29.785,37.109
1641437277.951,7.812,17.578,-67.871,14.648,42.480
1641437277.955,31.738,18.555,162.109,95.215,22.461
1641437277.959,14.648,17.090,241.211,62.012,43.945
1641437277.963,-7.812,16.602,43.945,-27.832,72.266
1641437277.967,9.766,17.578,-166.504,-13.672,41.504
1641437277.971,43.945,18.066,-98.633,82.031,-8.789
1641437277.974,41.016,17.578,200.195,96.191,36.621
1641437277.978,7.324,13.184,-77.148,-2.930,-8.789
1641437277.982,12.695,10.742,-392.090,-22.949,-46.387
1641437277.986,45.898,17.090,-87.402,62.988,1.953
1641437277.990,52.734,19.043,170.898,111.816,69.824
1641437277.991,19.043,19.531,36.621,25.391,79.102
1641437277.995,8.301,27.344,-174.316,-46.387,25.391
1641437277.999,46.875,29.297,-43.945,27.344,-6.836
1641437278.003,65.918,23.438,134.277,110.840,20.508
1641437278.007,36.133,22.949,21.484,68.848,73.730
1641437278.011,11.719,20.020,-274.414,-10.742,46.387
1641437278.015,30.273,15.137,-270.996,36.621,45.898
1641437278.018,58.594,20.020,70.801,134.277,132.324
1641437278.022,44.922,20.020,-127.930,115.234,82.520
1641437278.026,14.160,15.625,-376.953,23.438,24.414
1641437278.030,21.484,16.602,-35.156,20.996,48.828
1641437278.034,49.316,17.578,140.137,119.141,53.711
1641437278.052,45.410,17.578,265.137,128.906,67.871
1641437278.056,7.324,17.090,187.500,30.273,90.332
1641437278.060,0.977,17.578,134.277,9.766,87.891
1641437278.064,33.691,20.508,185.547,83.984,71.777
1641437278.068,43.457,28.809,245.117,131.836,110.352
1641437278.072,11.230,30.762,286.133,43.945,112.793
1641437278.076,-9.766,23.926,142.090,-38.574,86.914
1641437278.079,11.719,23.438,56.641,23.926,64.453
1641437278.083,39.551,23.438,81.055,102.051,66.895
1641437278.087,21.484,20.508,334.473,58.594,99.609
1641437278.091,-6.348,22.461,271.484,-39.551,51.270
1641437278.095,12.207,26.855,179.688,-20.020,69.336
1641437278.082,44.434,34.180,353.027,75.684,124.512
1641437278.086,37.598,31.738,415.527,69.824,124.512
1641437278.090,8.301,23.438,270.996,-19.531,98.633
1641437278.094,14.160,23.926,76.172,-39.062,67.871
1641437278.098,47.852,24.414,70.312,47.363,42.480
1641437278.102,54.688,21.484,221.191,93.262,56.152
1641437278.106,18.555,17.090,127.441,1.953,55.176
1641437278.109,16.113,20.996,-29.297,-41.504,26.855
1641437278.113,52.246,30.273,200.684,37.109,35.645
1641437278.117,62.012,32.227,414.062,95.703,32.715
1641437278.121,23.926,28.809,323.730,28.809,5.859
1641437278.125,3.418,25.391,-186.523,-43.457,-9.277
1641437278.141,35.645,26.855,-153.320,15.137,10.742
1641437278.145,58.105,28.320,395.020,92.285,25.879
1641437278.149,32.227,21.484,328.125,58.594,8.301
1641437278.153,2.441,20.508,163.086,-28.809,-8.301
1641437278.157,17.578,22.949,185.059,-22.461,-22.949
1641437278.161,42.969,12.207,211.914,68.359,15.625
1641437278.165,34.668,13.672,109.863,70.312,50.781
1641437278.168,2.441,21.973,-191.895,-30.762,-5.371
1641437278.172,5.859,24.902,-14.648,-42.969,20.996
1641437278.176,41.016,28.809,314.453,55.176,84.961
1641437278.180,44.434,25.391,250.977,92.773,62.012
1641437278.184,11.719,22.949,118.652,-5.371,33.203
1641437278.186,6.348,21.973,116.699,-56.641,30.762
1641437278.190,36.133,19.531,143.555,19.531,5.859
1641437278.194,48.828,18.066,176.270,80.566,22.949
1641437278.198,17.090,16.602,161.621,22.461,23.438
1641437278.202,-4.883,15.625,144.531,-58.105,-20.508
1641437278.206,15.625,12.207,-47.363,-24.902,-8.301
1641437278.210,44.434,12.207,2.930,57.617,64.941
1641437278.213,36.621,16.113,161.621,31.250,82.031
1641437278.217,16.602,19.043,56.152,-63.965,32.715
1641437278.221,32.715,20.020,-114.746,-66.406,-10.742
1641437278.225,57.617,16.602,-399.414,24.414,-38.086
1641437278.229,63.965,21.484,-278.809,52.246,-8.789
1641437278.230,43.457,27.832,-20.508,-43.457,33.691
1641437278.234,35.156,29.785,-185.059,-85.449,18.066
1641437278.238,68.848,30.273,-197.754,0.977,-0.977
1641437278.242,79.590,27.344,13.184,52.246,10.254
1641437278.246,42.969,22.949,38.574,-37.598,25.391
1641437278.250,25.879,24.902,-350.586,-110.840,3.906
1641437278.254,44.434,24.414,-384.766,-56.641,18.555
1641437278.257,58.105,20.508,-1.953,-4.395,20.508
1641437278.261,36.621,28.809,95.215,-57.129,23.926
1641437278.265,10.254,25.391,-338.379,-142.090,21.973
1641437278.269,23.926,21.973,-705.566,-118.164,-6.836
1641437278.273,54.688,30.762,-261.719,-21.973,15.137
1641437278.275,38.086,24.414,-58.594,-24.902,40.039
1641437278.279,-1.465,18.555,-366.211,-109.863,-13.672
1641437278.283,3.906,23.926,-354.980,-106.445,1.953
1641437278.287,35.156,26.367,-60.059,0.000,37.598
1641437278.291,32.227,17.578,74.219,31.738,56.152
1641437278.295,-6.836,3.418,-123.535,-49.316,62.012
1641437278.299,-16.113,4.883,-370.117,-63.477,29.785
1641437278.302,13.672,15.137,-144.043,34.180,33.203
1641437278.306,26.367,19.043,170.898,114.746,52.246
1641437278.310,-7.812,13.672,-134.766,58.105,22.461
1641437278.314,-26.367,14.160,-278.809,4.883,-13.672
1641437278.318,0.977,18.066,139.160,92.285,34.668
1641437278.337,26.367,15.625,228.516,178.711,53.223
1641437278.341,13.184,12.207,80.078,137.207,6.836
1641437278.345,-9.277,13.184,5.859,41.016,-38.086
1641437278.349,6.348,8.301,4.395,47.852,29.297
1641437278.353,41.504,2.441,25.391,131.836,81.543
1641437278.357,40.039,8.789,-109.375,123.047,53.223
1641437278.361,11.230,11.719,-240.723,27.344,14.648
1641437278.364,20.508,13.672,-135.254,13.184,8.789
1641437278.368,57.617,15.137,-179.199,104.980,5.371
1641437278.372,58.594,16.113,-263.672,151.855,6.836
1641437278.376,26.855,25.391,-28.809,72.754,36.621
1641437278.380,20.508,27.344,-33.691,26.855,54.199
1641437278.365,47.363,23.438,-62.012,94.727,55.664
1641437278.369,62.988,23.438,42.969,155.273,84.961
1641437278.373,30.762,19.531,55.176,94.727,114.258
1641437278.377,6.836,8.301,-75.684,11.230,89.355
1641437278.381,30.762,2.930,-156.738,51.758,22.949
1641437278.385,55.664,17.090,-119.629,130.371,25.879
1641437278.389,38.086,25.879,-142.578,100.586,19.531
1641437278.392,5.371,19.531,-334.961,5.859,-29.785
1641437278.396,14.648,15.625,-341.797,15.137,0.977
1641437278.400,40.527,19.043,-59.570,101.562,41.992
1641437278.404,32.715,16.602,106.934,102.539,35.156
1641437278.408,-3.418,9.766,-21.973,12.695,2.441
1641437278.411,0.000,9.766,-552.734,-14.648,-66.895
1641437278.415,33.203,8.301,-473.633,70.801,-55.176
1641437278.419,36.621,8.301,105.469,122.559,17.578
1641437278.423,9.766,8.789,20.020,45.410,3.906
1641437278.427,-0.488,4.883,-143.066,-4.883,-12.695
1641437278.431,24.414,9.766,-65.918,71.777,8.301
1641437278.435,40.039,15.137,6.348,145.508,23.438
1641437278.438,15.137,17.090,-141.113,93.262,-12.207
1641437278.442,-5.859,19.043,-410.156,29.297,-75.684
1641437278.446,12.695,15.625,-239.258,77.637,-40.527
1641437278.450,42.969,15.137,154.297,163.574,-6.348
1641437278.454,28.809,12.695,-0.977,148.438,-23.438
1641437278.456,-1.953,12.207,-319.824,60.059,-35.156
1641437278.460,12.695,10.254,-61.523,66.895,-1.465
1641437278.464,50.293,8.789,149.902,159.668,25.391
1641437278.468,54.688,16.602,114.746,179.199,30.762
1641437278.472,20.020,18.066,55.176,87.402,26.855
1641437278.476,12.695,16.602,-75.195,55.664,13.184
1641437278.480,40.039,15.137,-28.320,142.090,73.730
1641437278.483,48.828,14.160,-88.379,197.266,86.914
1641437278.487,21.484,21.484,-137.695,119.629,40.039
1641437278.491,4.883,24.902,184.082,62.500,98.633
1641437278.495,25.391,17.090,294.922,119.629,120.605
1641437278.499,42.969,13.184,297.363,179.688,98.145
1641437278.516,23.438,13.672,292.480,134.277,91.797
1641437278.520,-9.277,6.836,261.230,44.922,55.664
1641437278.524,6.348,9.766,43.457,65.918,15.137
1641437278.528,42.480,18.066,46.875,145.508,30.762
1641437278.532,32.227,19.531,292.969,126.465,36.621
1641437278.536,-5.859,12.207,98.633,31.738,1.465
1641437278.540,0.000,5.371,-213.379,21.973,-6.836
1641437278.543,34.668,4.883,-234.863,107.422,-27.832
1641437278.547,32.715,8.789,193.848,124.023,-11.230
1641437278.551,4.395,14.648,320.312,26.367,30.273
1641437278.555,4.395,18.555,70.801,-10.254,13.672
1641437278.559,38.086,20.020,144.531,66.895,20.508
1641437278.546,49.805,11.719,395.996,112.305,45.898
1641437278.550,16.602,9.766,361.816,28.320,20.020
1641437278.554,0.000,17.090,118.652,-50.781,-1.953
1641437278.558,20.508,14.648,165.039,4.883,24.902
1641437278.562,50.293,15.137,482.910,85.449,34.180
1641437278.566,35.645,14.160,339.355,38.574,-11.230
1641437278.570,3.906,15.137,98.145,-64.453,-22.949
1641437278.573,22.949,19.043,248.047,-41.992,-9.766
1641437278.577,52.734,16.113,518.555,63.477,44.922
1641437278.581,44.434,9.277,569.824,68.848,58.594
1641437278.585,15.625,5.859,66.895,-29.785,-35.156
1641437278.589,20.996,5.859,12.207,-52.246,-54.688
1641437278.606,52.734,7.812,541.992,37.598,-10.742
1641437278.610,55.664,14.160,614.258,78.125,-5.371
1641437278.614,16.113,15.137,403.809,-20.996,-20.020
1641437278.618,2.930,18.066,306.152,-75.195,-21.484
1641437278.622,30.273,20.996,437.988,-6.348,28.320
1641437278.626,45.898,20.020,336.426,58.594,45.410
1641437278.630,16.113,15.625,74.219,4.883,52.734
1641437278.633,-1.953,15.625,122.070,-64.453,73.730
1641437278.637,25.391,17.578,258.789,-11.230,96.191
1641437278.641,48.828,16.602,210.449,74.707,120.117
1641437278.645,35.156,8.789,98.145,62.012,60.547
1641437278.649,9.766,8.789,219.727,-13.184,48.828
1641437278.651,22.461,16.602,292.969,5.859,120.117
1641437278.655,55.664,17.090,325.684,102.539,114.746
1641437278.659,44.434,14.160,375.488,97.168,115.723
1641437278.663,5.859,10.254,290.039,-10.254,93.750
1641437278.667,7.812,13.672,174.316,-33.691,31.738
1641437278.671,36.621,14.648,120.117,40.039,53.223
1641437278.675,40.527,9.277,181.152,65.430,111.816
1641437278.678,25.391,14.648,266.113,-16.602,86.426
1641437278.682,28.320,17.090,32.227,-56.641,24.414
1641437278.686,30.273,11.719,-118.652,-7.812,23.926
1641437278.690,32.227,9.277,153.320,52.246,49.316
1641437278.694,20.020,4.883,251.465,15.137,39.551
1641437278.696,-9.766,2.930,108.398,-68.359,35.645
1641437278.700,-0.977,1.465,-109.375,-29.785,9.766
1641437278.704,29.297,1.953,102.051,63.477,37.598
1641437278.708,21.973,6.348,368.652,50.781,50.293
1641437278.712,-11.719,6.836,72.266,-41.016,-12.695
1641437278.716,-0.488,5.371,-160.645,-32.227,-10.254
1641437278.720,40.527,10.742,77.637,66.895,51.758
1641437278.723,36.621,10.742,328.613,86.426,45.898
1641437278.727,1.953,8.789,16.113,1.465,10.254
1641437278.731,2.930,4.395,-280.273,-27.832,15.137
1641437278.735,30.273,0.977,-10.254,44.434,18.066
1641437278.739,39.551,7.812,211.914,98.145,47.363
1641437278.741,14.648,17.578,109.863,26.367,72.266
1641437278.745,0.977,15.625,-59.082,-43.945,34.668
1641437278.749,23.926,8.789,87.891,16.602,65.918
1641437278.753,45.410,8.301,226.074,91.797,117.676
1641437278.757,22.949,11.719,154.297,50.293,134.277
1641437278.761,-11.230,11.230,-90.332,-33.203,104.980
1641437278.765,6.836,7.324,-181.641,-14.648,70.801
1641437278.768,36.621,7.812,50.781,74.219,65.918
1641437278.772,20.996,1.953,-126.465,67.383,55.664
1641437278.776,-9.766,1.465,-244.141,-25.879,56.641
1641437278.780,-0.488,8.789,23.438,-24.414,76.172
1641437278.784,26.855,9.766,60.547,73.730,96.191
1641437278.817,29.785,14.648,127.930,104.980,107.910
1641437278.821,2.441,17.090,62.988,14.648,86.914
1641437278.825,-2.930,15.625,-63.477,-18.066,69.824
1641437278.829,31.738,13.672,-58.105,59.570,56.641
1641437278.833,47.363,8.789,18.555,116.699,37.109
1641437278.837,15.625,6.348,-9.766,41.992,29.297
1641437278.841,-2.441,3.906,-106.445,-35.156,-22.949
1641437278.844,21.973,3.906,-114.746,26.855,-30.762
1641437278.848,41.504,7.812,-113.770,112.305,20.020
1641437278.852,20.996,12.695,192.871,83.008,50.781
1641437278.856,-3.418,15.625,182.617,-7.324,44.434
1641437278.860,10.742,14.648,48.828,15.625,30.273
1641437278.831,42.969,9.277,153.809,117.676,41.504
1641437278.835,36.621,6.836,354.004,119.629,104.980
1641437278.839,0.488,9.277,253.418,20.508,115.723
1641437278.843,4.883,3.906,32.715,-7.812,74.219
1641437278.847,44.922,4.883,78.125,75.684,72.266
1641437278.851,43.945,6.348,170.898,116.211,97.656
1641437278.855,5.371,-2.930,22.461,34.668,110.352
1641437278.858,1.953,-0.488,-131.348,-4.883,72.266
1641437278.862,32.227,11.719,91.309,65.918,52.734
1641437278.866,47.852,14.160,425.781,127.930,79.102
1641437278.870,20.020,10.742,386.719,72.754,60.547
1641437278.874,3.418,10.742,152.832,-5.859,13.184
1641437278.876,26.367,11.230,255.859,27.832,11.719
1641437278.880,44.434,8.789,509.277,101.074,71.289
1641437278.884,26.855,9.277,454.102,80.078,49.805
1641437278.888,1.465,9.766,-123.535,-13.672,-3.906
1641437278.892,15.625,7.812,-159.180,-13.184,31.738
1641437278.896,46.387,1.465,188.477,75.684,24.902
1641437278.900,42.969,3.906,115.723,78.125,38.086
1641437278.903,8.789,8.789,-263.672,-23.438,4.395
1641437278.907,5.859,13.672,-162.109,-45.410,0.977
1641437278.911,41.992,18.066,187.500,42.969,45.898
1641437278.915,47.852,19.043,188.965,86.914,30.273
1641437278.919,13.184,22.949,125.000,3.418,61.035
1641437278.922,4.883,20.020,80.566,-47.363,82.520
1641437278.926,35.645,17.578,134.766,31.250,60.547
1641437278.930,48.828,10.742,169.922,104.004,51.270
1641437278.934,21.484,4.883,150.391,54.199,70.801
1641437278.938,7.812,11.719,37.109,-31.250,35.156
1641437278.942,27.832,16.602,-99.609,10.254,39.062
1641437278.946,54.199,19.531,-233.887,103.516,44.922
1641437278.949,42.480,22.461,-181.152,80.078,5.859
1641437278.953,8.301,24.414,44.434,-17.578,19.531
1641437278.957,12.695,24.414,-76.172,-28.320,-16.602
1641437278.961,40.527,21.973,-85.938,60.547,-0.488
1641437278.965,36.621,19.531,163.574,83.984,95.703
1641437278.996,7.324,11.719,209.473,-11.719,127.930
1641437279.000,23.438,14.160,-46.387,-35.156,65.918
1641437279.004,60.059,21.484,-167.480,43.457,25.391
1641437279.008,46.875,18.555,134.277,74.219,43.945
1641437279.012,10.254,17.578,69.824,-4.883,28.809
1641437279.016,7.812,14.160,-345.215,-56.641,-10.254
1641437279.020,27.832,9.766,-704.102,4.883,-37.109
1641437279.023,51.758,13.672,-393.066,91.797,-1.465
1641437279.027,32.227,12.695,-11.230,59.570,31.250
1641437279.031,5.371,8.301,-174.805,-29.297,18.555
1641437279.035,27.344,9.277,-157.227,7.324,53.223
1641437279.039,52.246,12.207,82.520,95.215,70.312
1641437279.014,37.598,6.348,72.266,79.102,59.570
1641437279.018,10.254,2.930,-249.512,-13.184,5.859
1641437279.022,18.066,8.789,-226.074,-27.344,9.766
1641437279.026,45.410,9.277,86.914,64.453,55.664
1641437279.030,43.457,4.883,230.957,99.121,49.805
1641437279.034,7.324,3.906,-35.645,-0.977,0.488
1641437279.038,2.441,4.395,-318.359,-47.363,-29.297
1641437279.041,30.273,4.395,-23.438,30.762,37.598
1641437279.045,50.781,9.277,231.934,89.844,57.129
1641437279.049,24.414,9.766,20.996,8.301,26.367
1641437279.053,0.977,3.906,-27.832,-71.289,21.973
1641437279.057,22.949,-3.418,123.535,-16.602,6.836
1641437279.086,38.574,-2.441,116.211,57.617,28.320
1641437279.090,13.672,2.930,-96.680,28.809,26.855
1641437279.094,-13.184,2.441,-20.020,-57.129,7.324
1641437279.098,0.488,3.906,62.988,-35.156,41.016
1641437279.102,30.762,8.789,62.988,71.289,36.621
1641437279.106,25.391,4.883,-176.270,79.590,-7.812
1641437279.110,-1.953,4.395,-289.062,-9.766,-17.578
1641437279.113,1.953,5.859,68.848,-30.273,-12.207
1641437279.117,30.273,3.418,167.969,52.734,-52.734
1641437279.121,35.645,-3.418,264.160,101.562,-48.828
1641437279.125,10.254,-0.488,292.480,28.809,-11.719
1641437279.129,3.906,7.812,88.867,-15.137,-12.695
1641437279.116,34.180,8.301,143.555,51.758,23.438
1641437279.120,55.664,10.254,360.352,110.352,49.805
1641437279.124,24.902,10.742,414.551,54.688,54.688
1641437279.128,-2.930,10.254,249.512,-20.020,30.762
1641437279.132,19.531,9.277,81.543,13.672,-11.719
1641437279.136,51.270,12.695,180.176,93.262,62.500
1641437279.140,33.203,12.207,225.586,74.707,121.582
1641437279.143,-2.930,3.906,68.359,-17.578,55.176
1641437279.147,10.742,4.883,50.293,-14.160,68.359
1641437279.151,42.969,13.184,224.121,77.637,110.840
1641437279.155,36.133,15.137,357.910,88.867,98.145
1641437279.159,-0.488,15.137,193.848,-14.160,54.199
1641437279.191,0.000,17.090,-397.461,-53.223,-41.504
1641437279.195,33.691,20.020,-306.641,26.855,-4.883
1641437279.199,36.133,19.043,291.016,83.496,86.426
1641437279.203,0.488,11.719,134.766,-10.254,61.523
1641437279.207,-5.371,3.906,-98.633,-79.102,29.785
1641437279.211,22.949,3.906,-36.133,-3.418,33.691
1641437279.215,39.062,11.230,79.102,69.336,54.688
1641437279.218,18.066,15.137,-108.398,27.832,27.832
1641437279.222,-4.883,16.602,-530.762,-59.082,-49.805
1641437279.226,16.113,17.578,-369.629,-14.648,-17.578
1641437279.230,46.387,17.578,63.965,93.262,69.824
1641437279.234,33.203,14.160,1.465,73.730,49.316
1641437279.221,-0.488,8.789,-201.172,-36.133,-2.930
1641437279.225,11.719,-0.977,-130.859,-41.992,4.883
1641437279.229,65.918,0.488,-20.020,81.543,42.480
1641437279.233,57.129,15.625,5.371,104.004,33.691
1641437279.237,-6.836,24.414,-186.523,-18.555,-24.902
1641437279.241,-13.184,20.020,-401.367,-52.246,-36.133
1641437279.245,30.762,12.207,-405.762,49.316,9.277
1641437279.248,53.711,16.113,-293.457,116.699,57.617
1641437279.252,21.484,19.043,-234.863,37.109,61.523
1641437279.256,-3.906,13.184,-241.211,-29.785,20.020
1641437279.260,23.438,8.301,-241.699,35.645,35.645
1641437279.264,53.711,12.207,-292.480,120.605,56.152
1641437279.253,37.598,16.113,-310.059,73.730,32.227
1641437279.257,13.184,16.602,-236.816,-17.578,18.066
1641437279.261,27.344,14.648,-252.930,20.996,11.719
1641437279.265,55.664,14.160,-502.441,105.957,-0.977
1641437279.269,44.922,19.043,-343.750,87.402,11.230
1641437279.273,7.812,18.066,-246.582,-18.555,-23.438
1641437279.277,9.766,11.230,-502.441,-41.992,-62.988
1641437279.280,41.992,8.301,-262.695,45.410,-33.691
1641437279.284,46.875,12.695,90.820,81.543,-26.367
1641437279.288,13.672,13.672,61.523,0.000,-18.066
1641437279.292,4.883,12.207,-320.312,-25.879,-42.480
1641437279.296,39.551,9.766,-485.352,60.059,-15.625
1641437279.296,62.500,11.719,-6.348,132.324,53.711
1641437279.300,34.180,18.555,140.137,75.195,23.438
1641437279.304,18.555,20.996,-127.930,0.000,49.805
1641437279.308,43.945,22.949,-131.348,53.223,27.832
1641437279.312,62.012,21.484,104.004,139.648,-1.465
1641437279.316,45.410,20.996,26.855,108.887,4.395
1641437279.320,19.043,18.555,-401.855,7.812,-15.625
1641437279.323,29.297,18.066,-532.715,12.207,-28.320
1641437279.327,58.594,15.137,-42.480,117.188,2.930
1641437279.331,46.875,8.789,196.777,132.812,49.805
1641437279.335,14.648,15.137,0.977,33.691,17.578
1641437279.339,13.184,17.578,-10.742,5.371,-3.418
1641437279.356,38.574,18.555,223.633,85.938,72.266
1641437279.360,37.598,19.531,227.539,128.906,85.938
1641437279.364,-3.418,13.672,50.781,37.598,38.574
1641437279.368,-13.672,10.742,80.566,-16.602,68.848
1641437279.372,14.160,13.184,192.383,49.316,63.965
1641437279.376,30.273,12.695,84.473,108.398,28.320
1641437279.380,12.207,9.766,-127.930,63.477,45.898
1641437279.383,-4.883,11.719,-83.008,-15.137,45.898
1641437279.387,16.602,18.066,124.512,23.438,37.598
1641437279.391,41.504,18.555,155.762,104.980,84.473
1641437279.395,31.738,14.648,55.664,81.543,99.609
1641437279.399,0.977,13.672,250.000,0.000,65.430
1641437279.401,10.742,10.254,329.590,6.836,60.547
1641437279.405,49.316,8.301,325.195,102.539,55.176
1641437279.409,41.504,6.836,375.977,109.375,63.965
1641437279.413,4.883,9.766,305.176,0.977,52.734
1641437279.417,2.930,12.207,175.293,-30.273,24.902
1641437279.421,35.156,18.066,162.109,49.316,84.473
1641437279.425,50.293,22.461,251.465,91.309,136.719
1641437279.428,20.508,16.113,286.621,18.555,136.719
1641437279.432,12.207,13.672,107.422,-30.273,95.703
1641437279.436,48.828,17.090,-202.637,39.551,67.383
1641437279.440,66.406,19.043,-59.082,109.863,106.445
1641437279.444,41.504,16.113,349.609,59.082,119.629
1641437279.446,23.438,14.648,155.273,-34.668,87.891
1641437279.450,40.039,16.113,-53.711,-21.484,53.711
1641437279.454,65.918,20.020,162.598,72.266,91.797
1641437279.458,51.270,22.949,263.672,64.453,125.977
1641437279.462,17.578,20.996,-26.855,-41.016,99.609
1641437279.466,25.879,19.531,-315.918,-53.711,76.660
1641437279.470,54.688,22.949,-234.375,45.898,66.406
1641437279.473,49.316,20.996,10.742,75.684,80.078
1641437279.477,12.207,16.113,-205.078,-21.484,35.156
1641437279.481,7.812,12.207,-535.156,-62.988,20.508
1641437279.485,38.086,12.695,-261.719,13.672,56.641
1641437279.489,42.480,18.066,-46.387,69.336,33.203
1641437279.491,8.789,20.508,-167.480,-8.301,20.508
1641437279.495,-9.766,19.531,-248.047,-77.637,28.320
1641437279.499,17.090,16.113,-78.125,-6.348,8.301
1641437279.503,40.039,15.625,87.402,81.055,-11.719
1641437279.507,20.020,16.602,42.480,55.176,5.371
1641437279.511,1.465,11.719,-241.699,-19.043,-12.695
1641437279.515,17.090,10.254,-260.254,0.977,-41.016
1641437279.518,43.457,23.438,2.441,102.051,-27.344
1641437279.522,37.109,26.855,32.227,109.375,-6.836
1641437279.526,0.977,15.137,23.438,2.441,-3.906
1641437279.530,6.348,12.207,34.668,-11.230,-21.484
1641437279.534,42.969,15.137,-42.969,81.543,-34.180
1641437279.537,42.969,13.184,-63.477,100.098,-16.113
1641437279.541,8.301,12.207,-75.684,-5.859,-15.625
1641437279.545,4.395,17.090,-68.359,-46.875,7.324
1641437279.549,36.621,22.461,-27.832,32.227,30.273
1641437279.553,57.129,18.555,4.395,87.402,39.062
1641437279.557,28.809,15.625,-21.484,20.508,40.039
1641437279.561,-5.859,20.020,-127.441,-62.012,6.836
1641437279.564,11.719,17.578,-199.219,-25.391,-41.504
1641437279.568,38.574,14.160,-224.121,57.617,-60.059
1641437279.572,23.438,16.602,62.012,34.668,-16.113
1641437279.576,-7.812,14.160,15.625,-60.547,-13.672
1641437279.580,11.230,15.625,-160.645,-51.758,6.348
1641437279.611,51.270,23.926,-33.691,49.316,17.090
1641437279.615,43.945,20.508,100.586,60.059,4.395
1641437279.619,11.719,12.695,-23.438,-28.320,27.832
1641437279.623,11.719,21.484,-175.781,-46.875,37.109
1641437279.627,45.410,23.438,-164.551,37.109,58.105
1641437279.631,59.082,18.555,-71.777,85.449,95.703
1641437279.635,28.320,18.555,-85.449,-0.977,93.750
1641437279.638,19.531,17.090,-455.078,-59.082,38.574
1641437279.642,54.199,15.625,-499.023,13.184,7.324
1641437279.646,73.242,15.625,53.711,92.285,49.805
1641437279.650,43.457,20.996,65.918,48.828,75.195
1641437279.654,25.879,22.949,-197.754,-18.066,43.945
1641437279.627,46.875,21.973,-98.145,36.621,12.695
1641437279.631,62.012,23.926,166.016,127.930,61.523
1641437279.635,44.922,25.391,120.605,111.816,40.527
1641437279.639,8.301,24.414,-101.074,30.273,-53.711
1641437279.643,10.742,19.531,-21.973,39.551,0.000
1641437279.647,42.480,21.973,13.184,131.348,40.039
1641437279.651,32.227,17.578,-108.398,131.348,9.766
1641437279.654,-8.301,12.695,-245.117,31.250,-49.805
1641437279.658,-6.836,13.184,-88.867,1.953,-55.176
1641437279.662,25.879,13.672,172.852,83.496,-19.043
1641437279.666,34.668,19.531,187.012,128.906,2.930
1641437279.670,3.418,20.508,100.098,28.320,16.113
1641437279.671,-9.766,18.066,42.969,-41.016,6.836
1641437279.675,23.926,14.160,101.562,31.250,11.719
1641437279.679,45.410,12.207,2.930,102.539,37.598
1641437279.683,23.926,14.160,-123.535,60.547,54.199
1641437279.687,1.953,16.602,26.367,-14.648,85.449
1641437279.691,22.461,15.137,-40.527,20.996,64.941
1641437279.695,55.664,11.719,-218.750,104.492,69.824
1641437279.698,43.945,10.254,-200.195,79.590,96.191
1641437279.702,23.438,18.066,71.777,13.672,98.145
1641437279.706,42.480,24.902,138.672,28.320,111.816
1641437279.710,43.945,16.113,154.297,88.379,116.699
1641437279.714,20.020,6.348,287.109,98.633,82.520
1641437279.746,1.465,8.789,312.012,19.531,70.801
1641437279.750,1.465,13.184,168.457,-18.555,56.641
1641437279.754,30.273,10.742,92.773,39.062,17.578
1641437279.758,46.387,14.648,422.363,105.469,51.758
1641437279.762,13.184,20.508,557.129,37.109,62.988
1641437279.766,-9.766,13.672,81.543,-43.945,-4.883
1641437279.770,13.672,5.859,-194.824,25.391,-78.613
1641437279.773,39.551,12.695,304.199,120.605,-34.180
1641437279.777,17.578,15.625,611.816,100.098,34.668
1641437279.781,-11.230,16.602,381.348,20.020,45.410
1641437279.785,6.348,15.625,299.805,43.945,65.430
1641437279.789,36.133,13.672,528.809,126.953,76.172
1641437279.791,31.250,19.531,579.590,113.770,80.566
1641437279.795,-2.441,20.020,247.559,4.395,45.898
1641437279.799,1.953,14.648,170.410,-22.949,45.410
1641437279.803,41.504,11.719,431.152,62.500,60.547
1641437279.807,47.852,7.812,515.137,95.215,83.984
1641437279.811,9.766,8.789,246.094,2.441,69.824
1641437279.815,-2.930,17.090,19.043,-44.434,27.344
1641437279.818,28.320,26.367,183.594,48.340,52.734
1641437279.822,49.316,27.832,321.289,118.652,70.801
1641437279.826,27.832,27.344,221.680,50.293,51.270
1641437279.830,6.836,25.391,129.883,-31.250,20.020
1641437279.834,30.762,21.973,211.914,23.438,24.902
1641437279.821,57.129,19.531,295.410,106.934,56.641
1641437279.825,33.203,12.695,20.020,78.125,56.641
1641437279.829,3.418,16.113,25.391,-7.324,46.875
1641437279.833,18.555,20.996,116.699,-8.301,51.270
1641437279.837,42.480,14.648,15.625,80.078,41.016
1641437279.841,31.738,13.672,63.965,92.285,3.906
1641437279.845,-1.953,15.137,46.875,-12.207,2.441
1641437279.848,-0.488,11.719,63.477,-43.945,3.418
1641437279.852,36.133,10.742,8.789,36.621,1.953
1641437279.856,45.898,15.625,77.148,83.984,74.707
1641437279.860,10.254,20.996,145.996,1.465,57.129
1641437279.864,0.488,11.230,59.570,-42.969,39.062
1641437279.866,32.227,2.930,-147.949,37.598,39.062
1641437279.870,50.293,10.254,-178.223,107.422,41.504
1641437279.874,27.344,18.555,188.965,65.918,106.445
1641437279.878,6.348,23.438,83.008,-13.672,84.961
1641437279.882,27.344,23.438,-48.340,20.996,28.809
1641437279.886,58.105,23.926,22.949,102.051,63.965
1641437279.890,45.898,20.020,27.832,73.242,108.887
1641437279.893,13.672,14.160,-90.332,-20.996,48.340
1641437279.897,26.367,12.695,-404.297,-7.812,-20.996
1641437279.901,58.594,17.090,-343.750,94.238,-10.254
1641437279.905,55.176,17.578,186.523,91.797,46.875
1641437279.909,20.996,14.160,140.625,-13.184,63.965
1641437279.911,17.090,19.531,-96.680,-35.645,56.152
1641437279.915,48.828,23.438,79.102,44.922,40.527
1641437279.919,53.711,18.066,261.719,84.473,33.203
1641437279.923,20.996,14.160,79.102,-5.859,7.324
1641437279.927,13.672,20.020,-103.516,-57.617,-2.930
1641437279.931,48.828,24.902,-121.582,15.137,19.531
1641437279.935,69.336,22.461,32.227,81.055,87.891
1641437279.938,39.551,22.461,-1.953,39.551,104.980
1641437279.942,10.742,20.020,-405.273,-42.480,-6.348
1641437279.946,28.809,13.672,-221.680,-8.789,17.578
1641437279.950,55.664,15.625,110.352,90.332,72.266
1641437279.954,41.016,21.973,-22.461,79.102,32.227
1641437279.957,10.254,27.344,-132.324,-19.043,18.555
1641437279.961,30.762,28.809,-14.648,-18.066,50.781
1641437279.965,69.336,27.344,75.195,80.566,52.246
1641437279.969,42.969,20.020,105.469,92.773,41.016
1641437279.973,-3.418,16.602,-8.301,-5.371,20.996
1641437279.977,-1.953,16.602,-190.430,-30.762,-0.977
1641437279.981,23.438,14.648,-150.391,49.805,-2.441
1641437279.984,32.227,20.996,-116.699,107.422,5.371
1641437279.988,3.418,22.461,-71.289,40.527,7.812
1641437279.992,-12.695,13.184,95.703,-23.438,21.484
1641437279.996,16.602,16.113,61.523,-1.465,43.457
1641437280.000,41.992,21.973,5.859,45.898,62.500
1641437280.004,20.996,20.020,100.098,28.809,61.523
1641437280.008,-5.859,21.973,146.484,-52.734,53.223
1641437280.012,10.742,24.902,-28.809,-25.879,56.641
1641437280.016,39.062,23.438,-3.906,80.566,58.105
1641437280.020,34.668,23.438,273.438,80.078,67.871
1641437280.024,6.348,26.367,86.914,-18.555,49.805
1641437280.028,5.371,19.531,-291.992,-29.297,2.930
1641437280.031,26.855,10.742,-303.223,49.316,-5.859
1641437280.035,28.809,15.625,100.098,71.777,52.734
1641437280.039,-8.301,11.230,155.273,-30.273,52.734
1641437280.043,-13.672,8.301,-152.832,-70.801,19.531
1641437280.047,25.879,16.602,-152.832,18.066,25.879
1641437280.046,45.410,21.484,143.066,100.586,90.332
1641437280.050,19.531,22.461,173.340,56.152,95.703
1641437280.054,-4.883,14.648,-256.348,-29.297,42.969
1641437280.058,19.531,11.230,-358.398,11.230,53.223
1641437280.062,52.734,16.602,73.242,101.074,109.375
1641437280.066,36.621,16.113,68.848,78.613,112.793
1641437280.070,9.766,16.602,-399.414,-13.184,62.988
1641437280.073,22.461,22.461,-591.797,-3.418,48.340
1641437280.077,50.781,26.855,-92.773,85.938,65.918
1641437280.081,43.457,24.902,158.691,99.121,97.656
1641437280.085,1.953,19.531,-325.684,3.418,76.172
1641437280.089,3.418,21.484,-409.180,-22.949,31.250
1641437280.091,44.434,17.578,0.000,66.406,5.371
1641437280.095,46.387,10.254,-38.574,104.004,-10.742
1641437280.099,7.324,20.996,-182.617,21.484,59.570
1641437280.103,-3.418,30.273,-193.848,-32.715,71.777
1641437280.107,24.902,29.297,-102.539,34.668,45.410
1641437280.111,46.387,24.902,-156.250,100.098,62.988
1641437280.115,20.996,21.484,-624.512,36.621,-24.902
1641437280.118,-2.930,20.996,-717.773,-42.480,-56.641
1641437280.122,16.113,24.902,-269.043,4.395,8.301
1641437280.126,47.852,27.344,-147.949,91.309,5.371
1641437280.130,34.180,20.996,-101.562,73.242,19.531
1641437280.134,-0.977,20.508,-99.609,-12.695,23.438
1641437280.151,8.301,27.344,-80.566,-7.812,54.688
1641437280.155,42.480,29.297,-31.738,82.031,72.754
1641437280.159,44.434,30.273,-10.254,100.098,17.578
1641437280.163,11.230,32.227,-21.484,5.371,-0.488
1641437280.167,10.254,33.691,-105.469,-9.277,41.016
1641437280.171,41.992,26.367,-331.055,83.008,41.992
1641437280.175,50.781,18.555,-215.820,131.348,87.891
1641437280.178,22.949,23.438,89.844,53.223,104.980
1641437280.182,9.766,28.320,-70.312,-11.719,7.812
1641437280.186,32.715,27.344,-385.742,54.688,14.648
1641437280.190,56.641,30.762,-236.328,135.742,64.941
1641437280.194,37.109,35.645,146.484,99.609,91.309
1641437280.185,3.906,29.785,46.387,6.348,90.820
1641437280.189,18.066,26.367,-45.410,35.645,57.617
1641437280.193,51.270,21.484,127.930,132.324,60.059
1641437280.197,48.340,19.043,218.262,116.699,38.086
1641437280.201,14.648,19.531,-22.461,17.578,16.113
1641437280.205,16.602,19.043,-216.797,1.465,36.133
1641437280.209,42.969,20.996,10.742,93.750,110.352
1641437280.212,37.109,18.555,249.023,137.695,147.949
1641437280.216,1.953,15.625,34.668,46.875,79.590
1641437280.220,1.465,21.484,-51.758,9.766,67.383
1641437280.224,29.297,25.391,121.094,80.566,91.797
1641437280.228,35.156,15.625,140.137,138.672,73.730
1641437280.256,9.766,8.301,40.039,80.078,66.406
1641437280.260,11.230,19.531,-66.406,15.625,37.109
1641437280.264,53.711,26.367,58.105,99.121,54.199
1641437280.268,59.082,21.973,270.020,183.105,107.910
1641437280.272,21.484,13.672,6.348,130.859,107.422
1641437280.276,-5.859,9.277,-564.453,46.387,83.984
1641437280.280,10.742,15.625,-352.051,75.195,68.359
1641437280.283,40.527,17.578,174.316,165.039,69.336
1641437280.287,29.785,15.625,21.484,149.414,75.684
1641437280.291,-3.906,17.090,-135.742,27.344,51.758
1641437280.295,-3.418,17.090,49.805,-16.602,13.184
1641437280.299,33.203,13.672,104.980,56.152,44.434
1641437280.301,40.039,15.625,248.535,80.078,78.613
1641437280.305,8.789,21.484,243.652,-32.715,16.113
1641437280.309,6.836,22.949,60.059,-97.168,-0.488
1641437280.313,38.086,22.461,20.996,-30.273,45.410
1641437280.317,48.340,23.438,82.031,26.367,66.895
1641437280.321,20.020,22.949,103.516,-36.133,61.523
1641437280.325,0.977,20.020,-22.949,-118.652,-10.742
1641437280.328,20.020,17.090,-42.480,-67.383,-7.812
1641437280.332,47.363,17.578,153.809,35.645,65.918
1641437280.336,34.668,23.926,316.895,20.020,41.504
1641437280.340,-1.953,20.508,179.199,-67.383,13.184
1641437280.344,6.836,17.090,-18.555,-48.340,19.043
1641437280.331,36.133,21.484,4.395,59.570,36.133
1641437280.335,28.320,20.508,263.184,84.473,60.547
1641437280.339,-0.488,23.438,217.285,-0.488,25.879
1641437280.343,-0.488,22.949,-60.547,-22.949,43.457
1641437280.347,32.227,19.531,-47.363,54.199,28.809
1641437280.351,42.480,20.508,309.082,100.098,21.484
1641437280.355,7.324,19.043,328.125,15.625,27.344
1641437280.358,-6.836,19.531,5.859,-45.898,-49.316
1641437280.362,22.949,16.602,-258.789,16.602,-75.684
1641437280.366,41.504,21.973,25.391,75.684,13.184
1641437280.370,22.461,31.250,414.062,20.020,46.875
1641437280.374,6.348,24.902,58.594,-63.965,-34.668
1641437280.376,30.273,22.949,9.277,-27.832,-29.297
1641437280.380,58.594,21.973,411.133,61.035,48.828
1641437280.384,44.922,13.184,321.289,39.551,45.410
1641437280.388,14.648,9.766,43.945,-65.430,31.738
1641437280.392,31.250,21.973,26.367,-66.406,59.082
1641437280.396,60.547,29.785,43.457,32.227,85.449
1641437280.400,57.129,24.414,-96.191,48.340,76.660
1641437280.403,24.414,23.926,-510.742,-48.828,14.648
1641437280.407,17.090,20.508,-484.863,-72.266,2.441
1641437280.411,47.852,17.090,-104.004,22.949,80.078
1641437280.415,57.617,19.531,-7.812,88.867,98.633
1641437280.419,20.508,11.719,-28.809,9.766,21.973
1641437280.421,3.418,9.277,-125.000,-59.082,13.184
1641437280.425,37.109,20.020,-159.180,10.254,15.625
1641437280.429,58.594,20.996,-102.051,85.938,18.555
1641437280.433,33.203,21.484,-30.762,42.969,39.551
1641437280.437,6.348,21.973,-97.656,-43.945,1.465
1641437280.441,26.367,21.484,-262.207,-14.160,-32.715
1641437280.445,58.105,17.090,-413.574,83.008,-23.926
1641437280.448,47.363,17.090,-262.207,81.543,26.855
1641437280.452,20.020,19.043,-13.184,-5.859,42.480
1641437280.456,23.926,13.672,-143.066,-31.738,-48.828
1641437280.460,52.246,14.648,-242.676,49.316,-83.984
1641437280.464,51.270,18.066,-22.461,94.727,7.324
1641437280.481,13.672,24.414,40.039,0.488,52.246
1641437280.485,5.859,21.973,-189.453,-34.180,39.551
1641437280.489,35.645,16.602,-266.113,42.969,22.461
1641437280.493,55.664,25.391,20.508,104.980,56.641
1641437280.497,20.996,27.344,174.805,50.781,66.895
1641437280.501,-4.395,15.137,-189.453,-25.391,12.695
1641437280.505,25.879,5.859,-475.098,33.203,-5.371
1641437280.508,56.641,13.184,-49.316,123.047,77.148
1641437280.512,34.668,18.555,230.469,88.867,91.797
1641437280.516,-0.977,17.090,7.324,-1.953,-0.977
1641437280.520,16.602,23.926,-52.734,12.207,-14.648
1641437280.524,47.363,30.273,163.086,96.680,30.762
1641437280.527,34.180,25.879,255.371,81.543,63.965
1641437280.531,0.488,20.508,-20.020,-30.762,16.113
1641437280.535,5.371,27.344,-140.625,-44.434,-4.395
1641437280.539,41.992,22.949,82.031,47.363,17.090
1641437280.543,53.223,20.020,271.973,91.309,41.992
1641437280.547,20.996,32.227,33.203,-1.953,61.035
1641437280.551,20.020,40.039,-210.449,-55.176,48.340
1641437280.554,65.918,37.109,7.324,32.227,33.691
1641437280.558,79.102,20.020,230.469,97.168,32.227
1641437280.562,24.414,6.836,-130.371,10.254,26.367
1641437280.566,-11.719,9.766,-417.480,-85.938,5.371
1641437280.570,18.555,17.578,-157.715,-24.902,25.391
1641437280.571,44.922,17.090,-87.402,71.289,36.621
1641437280.575,26.367,15.625,-86.914,55.176,15.625
1641437280.579,-0.488,15.625,-159.668,-33.203,-32.227
1641437280.583,7.324,14.648,-271.973,-34.180,-55.664
1641437280.587,35.156,17.090,-248.047,51.270,-35.156
1641437280.591,27.344,14.648,-187.012,47.852,-26.855
1641437280.595,-14.160,5.371,-273.438,-69.824,-10.742
1641437280.598,-10.254,9.277,-232.910,-106.445,21.484
1641437280.602,26.855,16.602,-178.711,-20.996,15.625
1641437280.606,32.715,20.996,-415.039,24.902,-12.695
1641437280.610,0.488,22.949,-285.645,-60.547,-5.859
1641437280.614,-7.324,17.578,-149.414,-117.676,-39.062
1641437280.616,27.832,15.625,-209.473,-49.805,-42.969
1641437280.620,51.758,16.113,-35.645,20.996,36.133
1641437280.624,26.855,15.137,62.012,-31.250,60.547
1641437280.628,-1.953,19.043,-62.500,-115.723,-10.254
1641437280.632,13.184,20.996,-158.203,-82.520,-87.891
1641437280.636,43.457,17.578,-77.148,7.324,-72.754
1641437280.640,35.645,20.020,23.926,6.836,-7.324
1641437280.643,5.859,24.414,-48.828,-80.566,-40.039
1641437280.647,4.883,18.066,-292.969,-77.148,-92.773
1641437280.651,35.645,20.508,-213.867,22.461,-82.031
1641437280.655,37.598,29.785,251.465,43.457,-63.477
1641437280.659,-4.883,27.344,180.664,-59.570,-86.426
1641437280.661,-6.836,28.320,-46.387,-94.238,-123.535
1641437280.665,30.762,31.250,164.062,-2.930,-87.402
1641437280.669,38.574,27.344,357.910,46.387,-16.113
1641437280.673,4.395,22.949,180.664,-35.645,-25.391
1641437280.677,-7.812,20.508,-65.918,-104.004,-77.637
1641437280.681,23.926,17.090,-187.988,-34.180,-108.887
1641437280.685,48.340,18.066,-8.301,63.965,-52.734
1641437280.688,26.855,24.902,-36.621,38.086,-38.086
1641437280.692,-2.930,24.902,-382.812,-46.387,-90.332
1641437280.696,19.043,23.926,-255.371,-3.906,-57.129
1641437280.700,52.734,27.832,38.086,123.535,-1.953
1641437280.704,41.016,22.461,69.824,135.254,24.414
1641437280.707,6.348,18.066,-113.770,45.898,-11.719
1641437280.711,7.812,20.508,-42.969,45.898,-45.410
1641437280.715,43.457,18.066,128.906,152.832,-11.230
1641437280.719,50.781,11.719,184.570,204.590,33.203
1641437280.723,14.648,13.184,102.051,117.676,28.809
1641437280.727,3.418,12.207,-127.930,64.941,-10.742
1641437280.731,32.715,13.672,-112.793,131.348,13.672
1641437280.734,44.922,18.066,-155.762,189.941,47.363
1641437280.738,13.672,20.508,-307.129,125.000,40.039
1641437280.742,0.977,20.508,-161.133,52.246,2.441
1641437280.746,23.438,16.113,-120.605,102.539,17.578
1641437280.750,41.992,12.207,2.930,166.016,99.609
1641437280.752,23.926,12.695,-8.301,111.328,75.195
1641437280.756,-6.348,9.766,-90.820,22.461,64.453
1641437280.760,5.859,2.441,-157.715,43.457,92.285
1641437280.764,29.785,5.371,-147.949,139.648,38.574
1641437280.768,25.391,13.184,84.961,146.973,39.551
1641437280.772,-2.930,21.973,-20.996,46.387,94.727
1641437280.776,3.418,26.367,-295.898,36.133,74.219
1641437280.779,37.109,23.438,-462.891,129.395,30.762
1641437280.783,41.504,24.902,-109.863,160.156,45.410
1641437280.787,9.277,26.855,227.051,61.523,78.613
1641437280.791,0.000,22.461,-47.363,-3.906,89.844
1641437280.795,34.180,23.438,-85.449,65.430,72.266
1641437280.796,56.641,26.367,168.457,120.605,80.078
1641437280.800,27.344,20.996,148.438,49.316,72.754
1641437280.804,2.441,18.555,-116.211,-39.062,11.719
1641437280.808,27.832,23.438,-270.020,6.836,-13.672
1641437280.812,57.129,25.879,-31.250,107.910,48.828
1641437280.816,41.504,23.926,30.273,88.379,69.824
1641437280.820,10.742,24.902,-478.027,-4.883,-0.488
1641437280.823,22.461,29.785,-725.586,-2.441,-32.715
1641437280.827,54.688,31.250,-231.445,93.262,15.137
1641437280.831,49.805,20.996,-7.812,111.328,59.082
1641437280.835,10.742,13.184,-255.371,1.953,76.172
1641437280.839,9.277,18.555,-350.098,-33.691,28.320
1641437280.856,42.969,16.113,-276.855,43.945,-6.348
1641437280.860,58.594,5.859,-225.586,100.098,29.297
1641437280.864,28.809,19.531,-357.910,18.555,11.719
1641437280.868,-7.812,29.785,-462.891,-80.566,-23.926
1641437280.872,17.090,25.391,-352.051,-22.461,-2.441
1641437280.876,46.387,25.879,-395.020,55.664,21.484
1641437280.880,18.066,33.203,-693.848,-5.859,-38.086
1641437280.883,-4.395,36.133,-557.129,-96.191,-31.250
1641437280.887,23.438,32.715,-250.000,-54.199,43.457
1641437280.891,51.758,31.738,-303.711,31.250,27.832
1641437280.895,32.227,33.203,-360.352,4.883,14.648
1641437280.899,1.953,32.715,-212.402,-76.172,23.438
1641437280.901,9.766,24.414,-187.012,-69.336,-0.977
1641437280.905,39.062,15.625,-127.930,31.250,12.207
1641437280.909,41.504,19.043,33.203,68.848,12.695
1641437280.913,11.230,25.879,6.348,-25.879,4.883
1641437280.917,11.719,28.320,-178.223,-62.012,29.297
1641437280.921,41.016,31.250,-213.379,25.879,37.598
1641437280.925,48.828,33.691,-132.812,83.984,59.570
1641437280.928,20.020,31.250,-71.777,4.883,89.844
1641437280.932,0.488,27.344,-204.102,-82.031,59.082
1641437280.936,22.461,21.973,-544.434,-22.461,27.344
1641437280.940,45.898,20.996,-326.660,83.984,62.988
1641437280.944,32.227,20.508,84.961,66.406,62.500
1641437280.946,4.395,15.137,-151.855,-19.043,12.207
1641437280.950,13.184,22.461,-316.895,9.766,-1.953
1641437280.954,41.016,30.762,-64.941,111.328,44.434
1641437280.958,31.250,30.762,86.914,113.770,20.996
1641437280.962,-1.953,28.809,-143.066,24.902,2.441
1641437280.966,1.953,27.344,-386.230,19.531,20.020
1641437280.970,39.551,26.367,-184.082,118.164,-4.883
1641437280.973,47.363,27.344,156.250,156.738,24.414
1641437280.977,8.301,23.438,-33.203,56.641,-12.695
1641437280.981,-4.395,19.531,-377.930,2.441,-80.078
1641437280.985,32.227,20.508,-69.336,66.895,-55.664
1641437280.989,49.316,24.902,187.988,125.000,-10.254
1641437280.991,14.648,29.785,-35.156,68.359,32.227
1641437280.995,-2.930,34.180,-155.762,-15.625,30.762
1641437280.999,24.414,30.273,80.078,20.508,37.598
1641437281.003,44.434,25.391,242.676,92.773,38.086
1641437281.007,25.879,24.902,149.414,61.035,19.531
1641437281.011,-4.395,25.879,-154.785,-32.715,-36.621
1641437281.015,8.301,30.273,-216.309,-9.766,-32.715
1641437281.018,37.598,21.973,10.254,95.215,15.625
1641437281.022,23.438,13.672,-120.605,96.680,18.066
1641437281.026,-2.930,20.996,-265.625,8.789,19.043
1641437281.030,0.000,18.555,-24.902,10.254,20.996
1641437281.034,24.414,12.207,33.691,108.887,43.945
1641437281.037,34.668,20.020,115.723,168.945,113.770
1641437281.041,6.348,24.902,112.793,92.773,141.602
1641437281.045,-3.906,20.020,-55.176,36.133,136.230
1641437281.049,32.715,16.602,-125.488,112.793,134.766
1641437281.053,52.734,20.020,-38.574,183.594,183.105
1641437281.057,26.855,24.902,-64.453,125.488,153.809
1641437281.061,9.277,25.879,-161.621,32.227,108.398
1641437281.064,34.180,24.414,-215.332,71.289,113.770
1641437281.068,60.059,20.508,-324.707,150.879,109.375
1641437281.072,44.434,21.484,-67.871,115.723,90.820
1641437281.076,9.277,24.902,-62.500,22.461,93.750
1641437281.080,13.672,21.973,-294.922,20.508,134.277
1641437281.081,50.293,15.625,-204.102,100.098,132.324
1641437281.085,49.805,18.555,-47.852,106.934,133.301
1641437281.089,9.277,22.461,-192.871,1.953,133.789
1641437281.093,6.836,23.926,-348.633,-31.738,108.887
1641437281.097,44.922,28.320,-317.871,52.246,96.680
1641437281.101,57.617,26.367,-308.105,107.910,89.844
1641437281.105,21.484,23.438,-396.973,37.109,79.102
1641437281.108,3.418,28.320,-718.750,-24.414,62.500
1641437281.112,33.691,29.297,-741.699,43.945,61.523
1641437281.116,55.176,24.902,-237.793,119.629,75.684
1641437281.120,28.320,19.043,-166.992,65.918,75.195
1641437281.124,11.719,13.184,-397.949,-15.137,72.754
1641437281.141,28.320,17.578,-354.492,12.695,63.477
1641437281.145,53.711,27.344,-116.699,104.980,64.453
1641437281.149,45.410,26.855,-111.816,107.910,90.332
1641437281.153,14.648,28.320,-348.633,8.301,62.500
1641437281.157,22.949,35.645,-371.094,-6.348,22.461
1641437281.161,52.246,33.203,-296.875,81.055,46.875
1641437281.165,51.270,27.344,-322.754,99.121,68.848
1641437281.168,15.625,22.949,-573.242,-18.555,8.301
1641437281.172,14.160,22.461,-495.117,-67.383,6.836
1641437281.176,46.875,23.438,-173.340,12.695,42.480
1641437281.180,55.664,17.578,-187.012,62.988,59.570
1641437281.184,26.367,17.578,-263.184,-0.977,36.621
1641437281.170,10.742,30.273,-236.816,-61.523,-16.113
1641437281.174,34.180,28.320,-159.668,5.859,0.977
1641437281.178,51.758,24.902,-21.973,91.797,18.555
1641437281.182,26.855,25.879,-28.809,53.223,-15.625
1641437281.186,-4.395,24.414,-92.285,-37.109,-32.227
1641437281.190,9.277,23.438,-293.457,-28.809,-59.570
1641437281.194,41.992,22.949,-273.926,59.082,-47.363
1641437281.197,33.203,23.438,-27.832,64.941,5.371
1641437281.201,4.883,21.973,-42.480,-28.320,31.250
1641437281.205,8.789,15.137,-181.152,-53.223,-1.465
1641437281.209,37.109,9.766,-421.387,23.926,-47.852
1641437281.213,45.898,17.578,-325.195,62.988,-4.395
1641437281.231,23.438,28.809,-71.289,-19.531,26.367
1641437281.235,11.230,26.855,-280.273,-68.359,11.230
1641437281.239,28.320,21.973,-506.348,-8.301,21.973
1641437281.243,48.340,25.391,-230.957,53.223,45.898
1641437281.247,11.719,21.973,-40.039,-0.488,60.059
1641437281.251,-13.184,17.090,-390.625,-72.754,39.551
1641437281.255,26.367,20.996,-683.105,-15.625,-3.906
1641437281.258,42.480,25.879,-342.285,55.664,27.832
1641437281.262,15.625,27.344,-61.035,20.508,58.105
1641437281.266,0.977,28.809,-268.555,-47.363,1.953
1641437281.270,18.066,27.344,-342.773,-19.043,14.648
1641437281.274,46.875,21.484,-97.656,93.750,53.223
1641437281.276,38.574,21.973,2.930,102.539,39.062
1641437281.280,1.953,29.785,-261.230,8.301,2.441
1641437281.284,1.465,33.203,-337.891,13.184,-1.953
1641437281.288,30.273,28.320,-58.594,125.977,74.707
1641437281.292,39.551,20.020,130.859,179.199,109.375
1641437281.296,6.348,13.184,-25.879,88.379,73.730
1641437281.300,-10.254,11.719,-230.957,31.250,28.809
1641437281.303,19.043,18.555,-36.621,113.770,40.039
1641437281.307,40.039,21.973,190.430,187.012,73.730
1641437281.311,14.160,21.484,-184.570,123.535,28.809
1641437281.315,-7.324,19.531,-392.090,24.414,-30.762
1641437281.319,17.578,19.043,-14.648,65.430,-9.277
1641437281.321,44.434,20.996,86.426,152.344,48.340
1641437281.325,27.832,20.996,-17.578,111.328,38.086
1641437281.329,-0.488,19.043,-59.082,12.207,-5.859
1641437281.333,15.137,19.531,-45.898,1.953,-23.438
1641437281.337,43.457,20.996,-128.906,76.172,4.395
1641437281.341,38.086,21.973,-261.230,92.285,62.012
1641437281.345,3.906,22.949,-258.789,6.836,71.289
1641437281.348,0.977,24.902,-159.668,-18.066,37.109
1641437281.352,37.598,22.461,-106.934,63.477,62.012
1641437281.356,53.223,19.043,-159.180,119.629,62.012
1641437281.360,21.484,18.066,29.785,41.992,23.926
1641437281.364,11.230,18.555,66.895,-21.484,21.973
1641437281.366,37.598,21.973,-58.105,34.668,6.348
1641437281.370,53.711,23.926,54.199,89.355,37.598
1641437281.374,32.227,23.438,169.922,40.527,53.711
1641437281.378,5.371,22.461,26.367,-49.805,31.738
1641437281.382,23.438,20.508,-115.723,-21.973,35.645
1641437281.386,47.363,22.461,-82.031,67.383,66.406
1641437281.390,29.785,22.949,-93.750,38.574,54.199
1641437281.393,-0.488,22.461,-244.141,-57.617,49.805
1641437281.397,8.301,23.438,-523.926,-55.664,28.809
1641437281.401,39.551,18.066,-451.172,30.273,45.410
1641437281.405,44.922,21.484,52.246,67.871,102.051
1641437281.409,16.113,21.973,-94.238,-24.414,56.152
1641437281.411,9.766,12.207,-367.676,-60.059,50.781
1641437281.415,44.922,12.695,-174.316,30.273,91.797
1641437281.419,59.082,21.973,23.438,77.637,89.844
1641437281.423,28.809,25.391,-204.102,0.977,50.781
1641437281.427,7.812,23.438,-449.219,-70.801,45.410
1641437281.431,33.203,28.809,-430.176,-1.465,50.293
1641437281.435,59.570,30.762,-331.055,95.215,29.297
1641437281.438,33.203,25.879,-372.559,53.223,33.203
1641437281.442,0.488,20.020,-640.625,-34.180,-5.859
1641437281.446,20.508,15.137,-534.180,-0.977,1.465
1641437281.450,54.688,14.160,-194.824,97.168,54.688
1641437281.454,47.363,22.461,-119.629,107.910,61.035
1641437281.456,20.996,31.738,-213.867,19.043,106.934
1641437281.460,19.043,32.227,-126.953,3.906,100.098
1641437281.464,49.316,32.227,-39.551,97.168,53.223
1641437281.468,53.223,35.156,3.906,120.117,93.750
1641437281.472,10.254,35.156,-60.059,24.902,77.637
1641437281.476,0.977,26.855,-265.625,-11.230,34.668
1641437281.480,36.133,19.531,-287.109,61.035,21.973
1641437281.483,52.734,19.043,-303.711,120.117,1.465
1641437281.487,24.414,22.949,-300.781,49.316,2.441
1641437281.491,4.395,21.484,-159.668,-37.109,11.719
1641437281.495,25.391,13.184,-203.613,28.320,18.066
1641437281.499,48.828,16.113,-75.684,110.352,21.484
1641437281.502,27.832,21.973,-43.457,74.219,42.480
1641437281.506,0.000,23.438,-136.719,-1.465,28.809
1641437281.510,14.648,25.391,-309.082,15.137,-14.160
1641437281.514,45.410,24.414,-347.656,95.703,12.695
1641437281.518,42.969,23.926,-71.289,102.051,34.180
1641437281.522,10.254,24.902,-231.445,10.254,11.230
1641437281.526,10.254,22.949,-538.574,-16.113,-15.625
1641437281.529,41.016,18.066,-620.117,62.988,-22.461
1641437281.533,49.805,22.461,-242.188,113.281,19.043
1641437281.537,16.602,24.414,-94.727,20.508,73.242
1641437281.541,2.930,17.578,-332.520,-48.340,56.641
1641437281.545,33.691,17.090,-316.895,24.902,51.270
1641437281.546,51.758,20.996,-64.453,93.262,78.613
1641437281.550,27.832,26.367,-55.664,33.691,52.734
1641437281.554,3.906,24.902,-355.957,-55.176,11.230
1641437281.558,28.320,26.367,-475.586,-18.555,-19.531
1641437281.562,59.082,28.809,-254.883,71.777,-5.859
1641437281.566,41.504,30.762,-234.375,54.199,26.855
1641437281.570,4.395,29.785,-716.797,-37.598,-37.109
1641437281.573,8.789,28.320,-900.879,-44.434,-42.969
1641437281.577,40.039,26.855,-373.047,48.340,31.738
1641437281.581,37.109,19.043,-97.168,77.148,22.461
1641437281.585,1.953,18.066,-294.434,-14.648,-10.742
1641437281.589,0.488,21.973,-387.207,-40.527,-26.855
1641437281.591,34.180,24.902,-192.871,46.387,41.504
1641437281.595,45.410,22.949,-83.008,105.469,86.426
1641437281.599,8.789,19.043,-239.746,25.391,62.988
1641437281.603,-8.789,22.949,-275.879,-42.480,65.430
1641437281.607,21.484,26.855,-250.000,24.414,29.297
1641437281.611,39.062,27.344,-325.195,105.957,8.789
1641437281.615,12.207,18.555,-581.543,70.312,-24.414
1641437281.618,2.930,13.672,-457.520,11.230,7.324
1641437281.622,30.762,20.508,-176.758,45.410,70.801
1641437281.626,38.574,29.785,-178.711,99.121,48.340
1641437281.630,20.020,34.180,-154.785,84.961,50.293
1641437281.634,1.465,32.715,-191.406,10.742,65.430
1641437281.653,9.277,30.273,-239.746,4.395,40.527
1641437281.657,40.039,32.227,-212.402,89.355,0.977
1641437281.661,38.086,32.227,-75.195,111.328,48.340
1641437281.665,-0.488,27.832,-60.547,-0.977,77.148
1641437281.669,-3.906,26.855,-171.875,-44.922,61.523
1641437281.673,26.367,25.391,-216.797,27.344,69.336
1641437281.677,38.574,18.066,-157.227,78.125,79.590
1641437281.680,9.277,14.648,-34.180,10.254,44.434
1641437281.684,-8.301,16.602,-164.551,-63.477,0.488
1641437281.688,19.531,16.113,-249.023,-5.371,-17.090
1641437281.692,46.387,17.090,6.836,76.660,20.020
1641437281.696,32.715,20.996,92.773,37.598,55.176
1641437281.696,9.277,20.996,-100.586,-50.781,38.574
1641437281.700,19.043,19.043,-340.332,-36.133,-31.250
1641437281.704,43.945,21.973,-263.672,49.805,-41.504
1641437281.708,37.109,25.391,-139.648,54.199,6.348
1641437281.712,6.348,20.020,-295.898,-34.668,18.066
1641437281.716,7.812,14.648,-632.324,-48.828,4.395
1641437281.720,39.551,16.602,-685.547,35.645,-1.953
1641437281.723,40.039,21.484,-219.727,81.055,62.500
1641437281.727,-4.883,18.555,-145.020,-7.812,41.992
1641437281.731,-11.230,17.578,-621.094,-54.199,-32.227
1641437281.735,24.414,22.949,-390.137,34.180,-4.395
1641437281.739,36.621,26.367,146.973,102.051,47.363
1641437281.741,11.719,27.344,-19.043,34.668,17.090
1641437281.745,-0.977,29.785,-117.676,-35.645,-20.996
1641437281.749,27.344,29.785,49.805,18.066,-23.926
1641437281.753,50.781,24.902,164.062,92.773,-20.996
1641437281.757,32.715,19.043,194.824,70.312,15.137
1641437281.761,7.324,13.672,-69.336,-16.602,-7.324
1641437281.765,21.484,17.578,-205.078,-6.836,-35.156
1641437281.768,54.199,24.414,97.168,96.191,10.254
1641437281.772,45.410,24.902,-50.781,108.398,-0.488
1641437281.776,17.090,25.879,-255.371,16.602,-27.344
1641437281.780,11.230,23.438,20.996,-2.441,9.766
1641437281.784,34.668,20.508,114.258,85.449,65.918
1641437281.801,50.781,23.438,159.668,134.277,89.355
1641437281.805,13.672,27.344,155.762,34.668,46.387
1641437281.809,-2.930,24.902,-32.715,-25.879,2.441
1641437281.813,33.691,19.531,-148.438,61.523,0.000
1641437281.817,56.152,24.414,-3.906,138.184,13.184
1641437281.821,28.320,23.926,52.246,76.172,43.945
1641437281.825,4.883,23.438,-84.473,-19.531,67.383
1641437281.828,25.879,23.926,-163.086,20.020,50.781
1641437281.832,55.176,22.461,-216.309,104.980,26.367
1641437281.836,40.527,24.902,63.965,83.496,57.617
1641437281.840,4.883,24.902,51.758,-1.465,22.461
1641437281.844,19.531,26.367,-194.824,4.395,-16.602
1641437281.831,50.293,24.902,-67.871,106.445,57.617
1641437281.835,46.875,21.484,129.395,139.648,110.840
1641437281.839,12.207,15.137,20.996,47.852,82.031
1641437281.843,5.371,11.719,-210.938,14.648,37.598
1641437281.847,39.551,21.484,-120.117,98.145,14.648
1641437281.851,52.734,26.855,-85.449,139.648,8.789
1641437281.855,24.902,28.809,-316.895,58.105,22.461
1641437281.858,6.348,25.391,-378.418,-8.789,22.461
1641437281.862,27.344,24.902,-162.109,49.805,42.480
1641437281.866,50.293,25.391,63.477,131.348,75.684
1641437281.870,31.738,24.902,92.285,104.980,55.176
1641437281.874,4.883,22.949,-396.973,27.832,22.461
1641437281.876,22.949,23.438,-523.438,56.641,19.043
1641437281.880,52.246,25.879,72.266,139.648,48.828
1641437281.884,43.457,20.508,102.539,125.000,60.547
1641437281.888,9.766,18.555,-144.043,33.691,53.711
1641437281.892,12.207,21.973,-105.469,13.184,8.789
1641437281.896,44.922,23.438,-23.438,90.332,-2.441
1641437281.900,45.410,21.484,23.926,118.164,1.953
1641437281.903,8.301,19.531,-304.688,16.113,-36.621
1641437281.907,3.906,23.438,-354.980,-26.855,-51.758
1641437281.911,31.250,21.484,83.008,56.641,-26.367
1641437281.915,38.574,14.648,160.156,101.074,13.184
1641437281.919,17.090,24.902,46.387,27.832,7.324
1641437281.921,9.766,31.738,118.164,-29.297,39.062
1641437281.925,33.691,25.879,155.273,20.020,28.320
1641437281.929,51.758,22.461,188.477,76.172,42.480
1641437281.933,33.691,19.531,213.867,20.020,63.965
1641437281.937,6.836,18.066,75.195,-87.891,-31.738
1641437281.941,16.602,19.531,-70.312,-103.516,-68.359
1641437281.945,39.551,22.461,-226.562,-43.457,-34.668
1641437281.948,22.949,20.020,-180.664,-74.707,-13.672
1641437281.952,-7.812,18.555,59.082,-202.148,-4.883
1641437281.956,0.977,26.367,-41.504,-239.746,-38.086
1641437281.960,29.297,27.344,-172.363,-176.758,-58.105
1641437281.964,36.621,26.367,-68.848,-158.691,-4.883
1641437281.967,3.906,27.344,-81.543,-270.508,15.625
1641437281.971,-12.695,20.020,-392.578,-350.586,-67.871
1641437281.975,17.090,11.719,-562.988,-296.875,-117.188
1641437281.979,34.668,15.137,-259.766,-224.121,-46.387
1641437281.983,7.812,22.461,-152.344,-267.578,-49.316
1641437281.987,-11.719,23.926,-578.125,-333.496,-144.531
1641437281.991,13.184,26.855,-811.523,-273.438,-123.047
1641437281.994,43.457,24.902,-368.652,-161.133,-90.332
1641437281.998,31.738,23.438,-74.219,-159.668,-90.332
1641437282.002,-3.418,22.949,-325.195,-235.352,-89.355
1641437282.006,-0.488,20.020,-436.035,-210.449,-62.988
1641437282.010,42.480,22.949,-246.094,-100.098,-63.965
1641437282.026,45.410,24.902,-117.188,-72.266,-123.535
1641437282.030,6.836,21.973,-331.055,-150.879,-136.719
1641437282.034,8.301,17.090,-541.992,-144.531,-155.762
1641437282.038,41.504,17.090,-416.504,-27.344,-163.574
1641437282.042,42.969,22.949,-204.102,41.016,-135.254
1641437282.046,7.812,21.973,-537.598,-35.156,-126.953
1641437282.050,-5.859,15.137,-818.848,-76.172,-143.066
1641437282.053,23.926,17.578,-402.832,25.391,-83.496
1641437282.057,61.523,16.602,-200.684,124.023,-41.992
1641437282.061,49.316,19.043,-362.305,95.703,-59.082
1641437282.065,0.488,27.832,-493.164,-0.977,-39.062
1641437282.069,-1.953,24.414,-513.672,23.926,-35.645
1641437282.071,44.922,22.461,-499.023,146.484,-28.320
1641437282.075,44.434,27.832,-481.934,155.273,-0.977
1641437282.079,6.348,20.508,-473.145,80.078,10.254
1641437282.083,20.508,12.695,-479.004,98.145,-18.066
1641437282.087,49.805,14.648,-543.457,212.402,4.883
1641437282.091,42.969,18.555,-625.000,266.113,40.039
1641437282.095,13.672,24.414,-624.512,189.941,18.066
1641437282.098,6.836,26.855,-522.461,161.621,4.395
1641437282.102,35.645,26.367,-563.965,236.328,13.672
1641437282.106,48.828,20.508,-670.898,287.109,55.176
1641437282.110,18.066,17.578,-487.793,214.355,57.617
1641437282.114,4.395,21.484,-421.875,137.695,63.477
1641437282.116,30.762,18.555,-461.426,191.895,76.660
1641437282.120,49.805,9.766,-295.410,257.812,103.027
1641437282.124,34.180,9.766,-170.898,210.449,130.371
1641437282.128,10.254,20.508,-341.797,129.395,103.027
1641437282.132,26.855,25.391,-490.723,153.320,43.457
1641437282.136,50.781,24.414,-409.180,237.793,45.410
1641437282.140,41.992,25.391,-390.625,219.727,72.266
1641437282.143,9.766,24.902,-521.484,120.117,57.617
1641437282.147,12.695,23.926,-762.207,117.676,24.902
1641437282.151,48.340,22.461,-755.371,205.566,-1.465
1641437282.155,53.223,18.066,-170.410,235.840,60.059
1641437282.159,24.414,18.066,-146.973,142.578,143.066
1641437282.161,14.160,22.949,-441.895,88.867,137.695
1641437282.165,37.598,22.461,-328.613,152.344,93.262
1641437282.169,60.059,21.973,-127.930,208.496,113.770
1641437282.173,32.715,19.043,-234.863,137.207,91.797
1641437282.177,9.766,19.043,-437.500,49.805,60.547
1641437282.181,39.062,20.996,-464.844,95.215,59.082
1641437282.185,61.035,23.926,-341.309,168.457,87.402
1641437282.188,29.785,20.508,-405.762,122.559,68.848
1641437282.192,-3.418,6.348,-719.238,30.273,-18.066
1641437282.196,12.695,1.465,-614.258,44.434,-4.395
1641437282.200,39.551,5.859,-325.195,138.184,69.336
1641437282.204,33.691,13.672,-318.359,152.832,96.191
1641437282.206,0.000,18.066,-417.480,56.152,66.895
1641437282.210,3.906,21.973,-309.082,40.527,50.781
1641437282.214,37.598,22.949,-182.617,127.930,91.797
1641437282.218,34.180,13.184,-73.242,150.391,114.258
1641437282.222,2.441,9.277,-149.414,54.688,48.340
1641437282.226,8.789,14.648,-292.969,7.324,32.715
1641437282.230,33.203,6.836,-254.395,76.172,78.613
1641437282.233,44.922,5.371,-270.508,140.625,94.727
1641437282.237,19.531,15.137,-225.098,83.984,85.938
1641437282.241,3.418,22.949,-92.285,11.230,123.535
1641437282.245,35.645,24.902,-209.961,56.641,137.207
1641437282.249,55.176,20.508,-140.137,129.395,113.281
1641437282.252,34.668,18.555,-44.922,94.238,125.488
1641437282.256,0.977,15.625,-176.758,-11.719,103.027
1641437282.260,1.953,8.301,-335.449,-29.785,54.199
1641437282.264,35.156,7.324,-390.625,56.641,54.199
1641437282.268,45.410,15.137,-202.637,79.102,57.617
1641437282.272,15.625,19.043,-368.164,-22.461,56.152
1641437282.276,11.719,16.113,-746.582,-52.734,38.086
1641437282.279,38.086,17.578,-822.754,25.391,14.648
1641437282.283,48.340,19.531,-508.301,80.566,13.672
1641437282.287,18.066,16.602,-416.016,15.137,35.645
1641437282.291,0.000,15.625,-737.305,-47.363,-13.184
1641437282.295,22.949,11.230,-765.137,22.949,-1.465
1641437282.296,34.180,5.859,-519.531,94.238,111.816
1641437282.300,-1.465,8.789,-559.570,30.762,85.449
1641437282.304,-31.738,15.625,-769.043,-59.570,6.348
1641437282.308,-4.883,18.066,-867.676,-21.973,23.926
1641437282.312,33.691,19.043,-684.082,74.219,47.363
1641437282.316,24.414,20.508,-572.266,70.801,55.176
1641437282.320,-3.906,22.461,-862.793,-8.301,-1.953
1641437282.323,11.719,25.391,-916.992,-8.301,-66.895
1641437282.327,56.152,28.809,-446.289,82.031,13.672
1641437282.331,55.176,23.926,-172.852,116.211,78.613
1641437282.335,20.508,15.137,-328.125,31.738,38.086
1641437282.339,22.461,16.113,-331.055,1.953,18.066
1641437282.341,49.316,22.949,-129.395,69.336,108.398
1641437282.345,55.664,22.461,-38.086,121.094,150.879
1641437282.349,31.738,21.973,-127.930,63.965,89.355
1641437282.353,18.555,26.367,-183.594,0.000,31.250
1641437282.357,39.062,25.391,-105.957,59.082,33.203
1641437282.361,55.664,23.926,-77.148,138.184,92.773
1641437282.365,28.809,16.602,-398.926,84.473,56.152
1641437282.368,-1.953,10.742,-337.402,-9.277,31.250
1641437282.372,18.066,6.836,30.273,20.508,48.340
1641437282.376,50.781,4.883,104.492,113.770,30.273
1641437282.380,41.016,11.230,185.547,102.539,56.152
1641437282.384,6.836,20.020,110.840,3.418,40.527
1641437282.401,10.742,23.926,-24.414,-1.953,14.160
1641437282.405,36.621,13.672,2.930,77.148,48.828
1641437282.409,40.527,9.277,166.992,104.004,95.703
1641437282.413,15.137,10.254,142.578,16.113,87.402
1641437282.417,8.789,8.301,-0.977,-25.391,68.359
1641437282.421,42.969,8.301,-89.355,55.176,53.223
1641437282.425,61.523,9.277,-35.645,110.352,68.359
1641437282.428,27.832,10.254,136.719,41.504,82.031
1641437282.432,0.000,13.672,65.918,-34.180,53.711
1641437282.436,24.902,15.137,-316.895,18.066,21.973
1641437282.440,45.410,13.184,-237.305,91.309,21.973
1641437282.444,21.973,15.137,212.891,61.523,51.270
1641437282.446,2.930,18.066,35.156,-19.531,31.250
1641437282.450,14.648,14.648,-178.711,-10.742,11.719
1641437282.454,43.457,13.672,23.926,88.867,27.832
1641437282.458,39.062,16.602,194.336,102.051,67.383
1641437282.462,9.277,18.066,-64.453,2.930,58.594
1641437282.466,9.277,15.137,-370.605,-14.160,28.809
1641437282.470,39.062,18.066,-256.836,82.031,75.684
1641437282.473,50.293,21.973,-8.789,131.836,86.914
1641437282.477,6.348,20.508,-287.598,24.902,26.855
1641437282.481,-13.672,20.020,-813.477,-49.316,-5.859
1641437282.485,18.555,16.113,-654.785,23.926,27.832
1641437282.489,37.598,19.531,-524.902,95.215,64.941
1641437282.491,27.832,30.762,-811.035,49.316,44.434
1641437282.495,21.484,38.086,-983.887,-23.438,-27.344
1641437282.499,27.344,28.809,-962.402,13.184,13.672
1641437282.503,27.832,19.531,-966.797,90.332,61.523
1641437282.507,8.789,27.344,-970.215,73.242,15.625
1641437282.511,-15.625,31.250,-969.238,-13.184,-1.953
1641437282.515,-12.695,27.832,-969.238,-9.766,-15.137
1641437282.518,9.277,26.855,-969.727,82.520,4.395
1641437282.522,8.789,26.367,-969.727,101.562,16.602
1641437282.526,-25.879,30.273,-969.238,10.742,1.465
1641437282.530,-30.762,31.250,-969.238,-17.578,39.062
1641437282.534,-11.719,25.391,-969.238,60.547,61.035
1641437282.536,-8.789,26.855,-969.727,112.305,79.102
1641437282.540,-36.133,30.762,-969.727,24.414,114.258
1641437282.544,-65.918,23.926,-969.727,-69.336,126.953
1641437282.548,-43.457,17.578,-969.727,-18.555,97.656
1641437282.552,-9.277,20.020,-969.238,58.594,117.676
1641437282.556,-23.926,23.926,-969.238,9.766,137.207
1641437282.560,-27.832,27.832,-969.238,-71.289,103.027
1641437282.563,-7.324,17.578,-969.727,-38.574,57.129
1641437282.567,-1.465,0.977,-969.727,40.039,81.543
1641437282.571,-4.883,0.977,-970.703,30.273,162.598
1641437282.575,-8.301,0.000,-958.984,-45.410,124.023
1641437282.579,10.742,-7.812,-988.770,-43.945,67.383
1641437282.581,42.969,-9.277,-879.883,41.992,95.215
1641437282.585,41.992,-7.812,-650.879,69.336,108.887
1641437282.589,13.184,-11.230,-643.066,-32.715,71.777
1641437282.593,24.902,-7.324,-761.719,-70.801,30.762
1641437282.597,67.871,-3.906,-546.387,19.531,20.508
1641437282.601,82.520,0.000,-254.883,76.660,55.176
1641437282.605,49.316,0.977,-218.262,27.344,74.219
1641437282.608,28.809,-7.324,-453.613,-29.297,43.945
1641437282.612,60.059,-12.695,-457.031,29.785,4.395
1641437282.616,83.984,-10.254,217.773,113.770,71.289
1641437282.620,63.477,-8.301,531.738,77.148,96.191
1641437282.624,41.992,-5.859,409.668,-7.812,64.941
1641437282.627,50.781,-11.719,493.652,4.395,46.875
1641437282.631,75.195,-10.254,765.625,93.262,42.480
1641437282.635,71.289,-0.977,842.773,82.520,27.344
1641437282.639,34.668,-2.441,737.793,-19.531,-33.203
1641437282.643,30.273,-6.836,853.516,-23.926,8.789
1641437282.647,66.406,-5.371,984.863,66.895,59.082
1641437282.651,76.660,-1.953,958.008,97.656,22.461
1641437282.654,39.062,-3.906,840.820,8.789,20.020
1641437282.658,32.715,-5.371,916.504,-33.691,35.645
1641437282.662,66.406,-4.395,-980.469,50.293,51.758
1641437282.666,80.078,-4.883,962.891,115.723,28.320
1641437282.670,50.293,-11.719,943.359,53.223,-32.715
1641437282.671,31.250,-14.160,-996.094,-20.508,-21.484
1641437282.675,54.688,-6.348,-999.512,41.016,-19.531
1641437282.679,77.148,2.930,997.559,133.789,-35.645
1641437282.683,59.570,8.789,997.070,96.191,-7.812
1641437282.687,33.691,5.371,-997.070,6.836,7.812
1641437282.691,44.922,0.488,971.680,16.602,19.531
1641437282.695,69.336,2.930,856.445,115.234,-15.625
1641437282.698,68.359,6.348,895.508,134.766,-13.184
1641437282.702,36.133,6.836,-980.469,34.180,10.742
1641437282.706,36.133,3.418,979.492,15.625,-22.461
1641437282.710,68.848,-4.883,878.418,105.957,-21.973
1641437282.714,74.707,-3.418,922.363,153.809,18.555
1641437282.717,44.922,1.953,-965.332,81.543,16.602
1641437282.721,29.785,2.441,856.445,21.484,8.301
1641437282.725,58.105,0.977,689.453,76.172,15.137
1641437282.729,75.195,2.930,942.871,139.160,53.223
1641437282.733,41.992,3.906,978.516,71.289,22.461
1641437282.737,15.137,2.930,634.766,-20.020,11.719
1641437282.741,33.691,8.789,361.328,18.066,33.691
1641437282.744,58.105,5.859,691.895,110.840,92.285
1641437282.748,46.387,-3.906,958.496,101.562,133.789
1641437282.752,25.879,2.441,647.461,5.859,73.730
1641437282.756,31.738,7.324,491.211,10.254,45.410
1641437282.760,57.129,4.883,696.777,97.168,89.355
1641437282.776,57.617,3.418,841.309,111.328,129.395
1641437282.780,22.949,0.488,551.270,8.789,95.703
1641437282.784,24.414,-1.953,358.398,-23.926,71.289
1641437282.788,53.711,-0.488,522.461,61.035,52.734
1641437282.792,62.988,3.418,613.281,112.793,73.730
1641437282.796,37.598,3.906,228.027,41.504,63.477
1641437282.800,23.926,6.348,-74.219,-18.066,-14.160
1641437282.803,56.641,8.301,294.434,59.082,-19.531
1641437282.807,83.008,9.277,472.168,144.043,29.785
1641437282.811,54.199,12.695,296.387,98.633,39.551
1641437282.815,28.809,13.672,212.402,13.184,16.602
1641437282.819,42.969,13.672,292.969,32.715,29.785
1641437282.821,66.406,14.160,354.004,128.906,85.938
1641437282.825,52.734,14.648,393.066,123.047,110.352
1641437282.829,21.973,17.578,334.473,21.973,77.148
1641437282.833,39.062,18.066,257.324,25.879,80.078
1641437282.837,65.430,5.859,234.375,108.887,98.145
1641437282.841,37.109,-2.930,153.809,112.305,96.680
1641437282.845,-4.395,-2.441,37.598,16.602,76.172
1641437282.848,-3.418,-1.465,45.898,-14.648,36.621
1641437282.852,25.391,-1.465,40.527,63.965,36.621
1641437282.856,38.086,0.488,-131.348,109.375,7.324
1641437282.860,7.812,3.906,78.613,34.180,-9.766
1641437282.864,-9.766,7.812,150.391,-29.297,-2.441
1641437282.866,16.113,14.160,7.324,32.715,-20.020
1641437282.870,37.109,8.301,211.426,114.746,12.695
1641437282.874,20.508,2.930,364.258,86.426,7.324
1641437282.878,-4.395,3.418,195.312,6.348,-10.254
1641437282.882,11.230,-0.977,38.574,20.508,-29.297
1641437282.886,44.434,3.906,37.598,109.375,-13.184
1641437282.890,38.086,10.742,149.414,103.027,39.551
1641437282.893,8.301,12.207,75.195,1.953,34.668
1641437282.897,15.137,14.160,-318.848,-14.160,-5.859
1641437282.901,47.363,12.207,-296.387,63.477,1.953
1641437282.905,50.781,5.371,206.543,98.633,76.172
1641437282.909,13.184,6.348,134.766,0.488,52.246
1641437282.911,3.906,3.418,-42.480,-53.711,22.461
1641437282.915,37.109,-3.418,139.160,33.691,59.082
1641437282.919,50.293,1.465,357.422,104.004,96.191
1641437282.923,23.926,7.324,294.434,42.969,81.543
1641437282.927,4.395,9.766,94.238,-40.039,79.102
1641437282.931,22.949,9.277,64.941,9.277,108.887
1641437282.935,51.270,10.254,139.648,96.191,89.844
1641437282.938,34.180,10.742,105.469,65.918,75.684
1641437282.942,7.812,9.277,-226.562,-25.391,52.734
1641437282.946,24.902,8.789,-133.789,-18.555,52.246
1641437282.950,53.223,12.207,153.809,78.613,64.941
1641437282.954,46.387,7.812,76.660,84.473,8.789
1641437282.956,13.184,13.672,-65.430,-16.113,3.906
1641437282.960,13.672,21.484,13.184,-35.156,36.621
1641437282.964,42.480,14.160,73.730,47.852,29.785
1641437282.968,47.363,8.789,114.746,93.262,33.203
1641437282.972,12.695,12.207,87.402,8.789,31.250
1641437282.976,4.883,12.207,-147.461,-46.875,-3.418
1641437282.980,35.156,10.742,-77.148,25.391,56.641
1641437282.983,46.387,5.859,-98.145,83.496,60.547
1641437282.987,24.414,5.859,-199.707,32.715,35.156
1641437282.991,6.836,13.672,-7.324,-33.203,45.898
1641437282.995,27.832,18.066,-27.832,10.254,32.227
1641437282.999,53.711,17.578,73.242,94.727,67.383
1641437283.002,36.621,15.625,138.184,73.242,59.082
1641437283.006,2.930,11.719,14.648,-20.996,47.852
1641437283.010,9.766,13.672,-133.789,-24.902,-1.953
1641437283.014,41.992,20.020,-140.625,61.523,-13.184
1641437283.018,43.457,17.090,165.039,86.426,109.375
1641437283.022,9.277,7.812,69.336,-12.695,106.934
1641437283.026,7.324,2.441,-257.324,-44.922,12.207
1641437283.029,31.250,2.441,-301.270,41.504,5.371
1641437283.033,34.180,5.859,142.090,89.844,65.918
1641437283.037,5.859,11.719,307.617,18.066,99.121
1641437283.041,-5.859,14.160,1.953,-48.340,58.105
1641437283.045,18.555,15.625,18.555,14.648,18.555
1641437283.046,37.598,15.137,304.199,89.844,57.129
1641437283.050,10.254,7.812,296.875,42.480,43.945
1641437283.054,-21.973,2.441,68.359,-38.574,-9.766
1641437283.058,0.977,0.000,-33.691,-10.742,-17.090
1641437283.062,30.273,-3.906,23.438,82.031,1.465
1641437283.066,16.602,0.488,95.703,87.891,10.254
1641437283.070,-9.766,6.348,-273.926,0.000,-28.809
1641437283.073,-0.488,11.719,-459.961,1.465,-51.270
1641437283.077,32.715,13.184,70.312,99.121,9.766
1641437283.081,33.691,7.812,301.270,125.000,50.293
1641437283.085,0.000,4.395,105.469,31.250,28.809
1641437283.089,1.465,4.395,50.293,-6.348,6.836
1641437283.091,45.410,8.301,190.918,70.312,19.043
1641437283.095,66.895,14.648,314.941,121.582,79.102
1641437283.099,37.598,15.137,178.711,47.363,63.965
1641437283.103,16.113,13.184,66.406,-28.809,13.672
1641437283.107,40.039,15.137,201.172,30.762,73.242
1641437283.111,61.035,14.648,223.145,115.234,124.512
1641437283.115,43.945,12.207,-8.301,78.125,82.520
1641437283.118,20.020,18.555,79.590,-3.418,36.621
1641437283.122,26.855,19.531,257.812,2.441,34.180
1641437283.126,48.828,13.184,196.289,69.824,50.293
1641437283.130,38.086,14.648,263.672,53.711,103.516
1641437283.134,3.906,15.625,334.961,-56.152,125.977
1641437283.151,8.301,6.836,163.574,-81.055,44.922
1641437283.155,42.480,5.859,113.281,3.906,38.574
1641437283.159,43.457,11.719,165.039,43.945,85.449
1641437283.163,10.254,13.672,62.988,-44.922,74.707
1641437283.167,1.953,14.648,-96.680,-84.473,41.992
1641437283.171,33.691,18.555,-236.328,14.160,22.461
1641437283.175,48.828,15.625,-240.234,89.355,-1.953
1641437283.178,12.207,11.719,-54.688,38.574,49.805
1641437283.182,-4.883,18.555,-199.219,-35.156,6.836
1641437283.186,23.926,18.555,-591.309,8.789,-72.266
1641437283.190,45.410,7.324,-390.625,100.098,4.883
1641437283.194,30.762,2.930,20.508,80.078,94.238
1641437283.196,3.418,6.836,-176.758,-1.465,59.570
1641437283.200,13.672,10.742,-402.832,7.324,-1.953
1641437283.204,41.992,13.672,-143.066,94.727,-6.836
1641437283.208,36.621,11.719,142.578,117.188,54.199
1641437283.212,2.930,5.371,-69.336,29.297,81.055
1641437283.216,4.395,11.719,-351.562,1.953,32.715
1641437283.220,40.527,14.160,-178.711,81.543,63.965
1641437283.223,52.734,5.371,171.875,122.070,108.887
1641437283.227,22.949,0.977,-1.953,38.086,44.434
1641437283.231,7.324,3.418,-421.387,-16.602,-23.438
1641437283.235,38.574,14.648,-103.516,52.246,39.551
1641437283.239,59.082,18.555,216.309,110.352,85.938
1641437283.241,29.297,16.602,12.207,50.293,67.383
1641437283.245,2.441,13.672,-171.387,-37.109,58.594
1641437283.249,22.949,5.371,-67.383,3.418,60.547
1641437283.253,63.965,6.836,151.855,114.746,62.012
1641437283.257,62.988,24.414,219.238,96.680,54.688
1641437283.261,7.324,27.832,-20.020,-23.926,23.926
1641437283.265,0.488,20.508,-164.062,-30.273,14.160
1641437283.268,42.480,23.926,114.746,68.359,72.754
1641437283.272,41.992,27.344,37.598,82.520,130.859
1641437283.276,-3.418,24.902,-202.148,-37.598,83.008
1641437283.280,-16.113,24.902,65.430,-83.008,64.453
1641437283.284,18.555,22.461,183.594,4.883,59.570
1641437283.301,36.133,22.949,181.641,55.176,29.785
1641437283.305,1.465,29.785,255.859,-28.809,61.035
1641437283.309,-13.672,34.180,140.625,-89.844,64.453
1641437283.313,12.695,32.715,-45.410,-27.832,44.922
1641437283.317,26.855,27.344,104.492,45.410,41.504
1641437283.321,8.301,23.438,242.676,13.184,62.500
1641437283.325,-11.719,20.508,172.852,-74.707,45.410
1641437283.328,0.488,22.949,214.844,-50.781,75.195
1641437283.332,29.785,22.949,87.402,44.922,109.863
1641437283.336,21.973,20.996,204.590,31.738,79.590
1641437283.340,-4.883,20.996,339.844,-60.059,39.551
1641437283.344,0.977,22.949,116.699,-62.988,19.531
1641437283.332,29.297,27.344,251.465,22.949,30.273
1641437283.336,31.738,30.762,570.312,50.781,49.805
1641437283.340,-5.371,25.391,460.938,-43.457,40.039
1641437283.344,-7.812,22.949,247.070,-86.426,38.086
1641437283.348,32.227,21.484,302.734,-8.301,54.199
1641437283.352,46.387,22.461,375.977,54.688,45.410
1641437283.356,18.555,18.555,190.430,5.859,-12.207
1641437283.359,5.859,14.648,-6.348,-56.641,-36.621
1641437283.363,35.156,22.461,123.047,-1.465,0.000
1641437283.367,58.105,26.367,394.043,77.637,42.969
1641437283.371,41.016,26.855,392.578,41.504,57.617
1641437283.375,16.113,27.344,-147.949,-43.945,-26.855
1641437283.391,24.414,21.484,-300.781,-26.367,-50.781
1641437283.395,49.316,21.973,267.578,69.336,33.203
1641437283.399,41.504,27.344,431.641,71.777,53.711
1641437283.403,12.695,22.461,243.652,-27.344,-2.441
1641437283.407,12.695,13.672,202.637,-43.457,-61.523
1641437283.411,41.504,15.137,308.105,39.062,-66.406
1641437283.415,49.805,22.949,321.777,63.965,-78.613
1641437283.418,16.602,26.855,49.316,-64.453,-109.863
1641437283.422,3.906,25.879,-20.508,-162.598,-134.766
1641437283.426,32.715,21.973,279.785,-126.465,-116.699
1641437283.430,52.734,17.090,306.152,-106.934,-62.012
1641437283.434,32.715,20.508,237.305,-201.660,-88.379
1641437283.420,13.184,20.996,254.883,-314.941,-166.016
1641437283.424,31.250,18.555,169.434,-301.758,-187.012
1641437283.428,59.570,20.508,196.289,-215.332,-148.926
1641437283.432,49.805,23.438,219.238,-235.840,-127.930
1641437283.436,17.090,22.461,140.137,-341.797,-156.250
1641437283.440,17.090,19.531,-49.316,-354.004,-146.973
1641437283.444,46.387,25.879,-55.176,-264.160,-104.980
1641437283.447,46.387,28.809,145.020,-235.352,-112.793
1641437283.451,10.742,30.273,132.324,-320.801,-149.902
1641437283.455,7.812,29.785,-12.695,-327.637,-170.898
1641437283.459,42.969,27.344,-212.891,-218.750,-172.363
1641437283.463,49.316,26.367,-124.023,-148.438,-148.926
1641437283.466,4.395,17.578,68.359,-203.125,-197.266
1641437283.470,-10.254,14.648,-1.465,-237.793,-180.664
1641437283.474,15.625,17.090,-303.711,-156.250,-134.766
1641437283.478,31.250,13.672,-168.945,-83.008,-120.605
1641437283.482,10.254,16.113,103.027,-116.699,-127.930
1641437283.486,-15.137,22.949,-177.246,-180.176,-128.906
1641437283.490,1.465,30.273,-489.746,-143.066,-114.746
1641437283.493,31.738,29.297,-167.480,-44.434,-63.965
1641437283.497,19.043,19.043,95.215,-34.668,-31.738
1641437283.501,-13.672,16.602,-180.176,-90.820,-103.027
1641437283.505,-1.465,20.996,-297.363,-55.176,-109.375
1641437283.509,28.320,20.996,-58.594,59.082,-90.820
1641437283.526,21.973,15.625,153.809,89.844,-66.406
1641437283.530,-7.812,10.254,-101.074,-6.836,-59.082
1641437283.534,-3.418,10.742,-439.941,-39.062,-113.770
1641437283.538,24.414,16.602,-247.559,35.645,-90.820
1641437283.542,32.227,17.578,35.645,79.102,-62.988
1641437283.546,5.859,15.137,-330.078,8.789,-126.953
1641437283.550,-6.836,17.090,-661.621,-47.363,-164.062
1641437283.553,26.367,23.438,-255.859,28.809,-136.230
1641437283.557,53.223,22.949,75.195,122.070,-84.473
1641437283.561,29.785,20.996,-200.195,104.980,-27.344
1641437283.565,7.812,21.973,-376.953,49.316,-62.012
1641437283.569,22.949,22.461,-80.078,101.074,-80.078
1641437283.570,44.922,21.973,55.664,206.055,-32.227
1641437283.574,32.227,18.066,6.348,204.102,-33.203
1641437283.578,0.000,20.020,-72.754,114.258,-64.941
1641437283.582,2.441,23.438,-151.855,110.840,-46.875
1641437283.586,32.227,25.879,-164.551,193.848,-9.277
1641437283.590,39.062,28.809,-180.664,224.609,-5.371
1641437283.594,5.859,22.949,-221.191,150.879,-22.461
1641437283.597,0.000,16.113,-114.746,123.535,19.043
1641437283.601,35.156,20.020,-62.988,210.449,37.598
1641437283.605,46.875,21.973,-71.289,270.020,53.711
1641437283.609,14.160,15.137,135.254,205.078,124.512
1641437283.613,2.441,15.137,156.738,137.695,114.746
1641437283.616,29.297,21.484,-91.797,192.871,68.848
1641437283.620,53.223,24.414,-66.895,279.297,118.652
1641437283.624,37.598,28.320,329.102,248.535,153.320
1641437283.628,6.836,29.785,245.117,159.668,135.742
1641437283.632,17.090,27.344,26.855,183.105,102.051
1641437283.636,55.176,23.438,109.863,286.133,119.141
1641437283.640,53.223,20.508,243.164,288.086,139.160
1641437283.643,17.578,23.438,218.262,195.312,113.281
1641437283.647,13.184,21.484,-99.121,178.711,50.781
1641437283.651,42.969,17.578,-55.176,257.324,46.387
1641437283.655,52.734,22.949,508.789,294.434,143.066
1641437283.659,13.672,25.391,529.297,196.777,188.477
1641437283.661,-5.371,20.508,327.637,120.605,139.648
1641437283.665,18.066,21.484,442.871,173.828,102.051
1641437283.669,38.574,23.926,668.457,237.305,144.043
1641437283.673,17.578,25.391,542.969,178.223,160.645
1641437283.677,-6.836,25.879,363.770,85.938,132.324
1641437283.681,15.625,24.414,316.895,115.234,133.301
1641437283.685,42.969,22.949,409.668,204.102,188.477
1641437283.688,24.902,16.602,459.961,173.828,165.527
1641437283.692,-6.836,15.625,109.863,66.895,66.895
1641437283.696,0.977,19.531,187.988,49.316,91.309
1641437283.700,31.738,19.531,449.219,120.605,161.133
1641437283.704,23.926,20.996,397.461,126.953,171.387
1641437283.706,-5.371,22.461,299.316,17.090,139.648
1641437283.710,-3.906,23.438,328.613,-26.855,125.488
1641437283.714,29.785,20.020,359.863,43.945,146.973
1641437283.718,50.781,22.949,353.516,100.098,168.945
1641437283.722,27.344,27.344,265.137,41.992,126.465
1641437283.726,11.230,22.461,5.859,-11.230,78.125
1641437283.730,37.598,24.414,20.996,64.453,91.309
1641437283.733,62.988,20.508,-13.184,139.160,95.215
1641437283.737,38.086,18.066,-122.070,78.613,75.195
1641437283.741,15.137,25.391,33.203,-4.395,60.059
1641437283.745,29.785,25.879,-26.855,27.832,78.613
1641437283.749,49.316,21.973,37.598,110.840,97.168
1641437283.752,24.414,20.996,113.770,84.473,72.266
1641437283.756,-8.301,28.320,-19.043,-12.207,60.547
1641437283.760,7.812,32.227,-146.973,-10.742,41.016
1641437283.764,36.133,23.926,-141.602,76.172,33.691
1641437283.768,39.551,17.578,108.398,113.281,40.039
1641437283.772,10.254,19.043,-58.105,25.879,37.598
1641437283.776,3.418,23.926,-429.199,-13.672,-30.762
1641437283.779,33.203,27.344,-477.539,68.359,-41.016
1641437283.783,46.387,28.809,-21.973,118.164,87.402
1641437283.787,16.113,26.367,149.902,41.016,67.871
1641437283.791,2.441,26.367,-189.941,-34.668,2.930
1641437283.795,30.273,24.902,-239.746,8.301,-6.348
1641437283.811,50.293,20.020,1.953,74.219,13.184
1641437283.815,29.785,20.020,28.809,26.855,42.969
1641437283.819,8.789,20.020,-257.812,-57.617,-12.695
1641437283.823,25.879,18.066,-394.531,-30.762,-41.504
1641437283.827,51.270,16.113,-234.375,59.082,33.691
1641437283.831,39.551,17.090,-180.176,59.082,52.734
1641437283.835,4.395,19.043,-568.359,-39.551,-28.809
1641437283.838,6.836,24.414,-760.254,-62.012,-63.477
1641437283.842,38.574,25.391,-268.555,15.625,-20.508
1641437283.846,41.504,21.973,-31.250,40.039,-1.465
1641437283.850,2.930,19.531,-206.543,-59.570,-2.441
1641437283.854,-2.441,22.949,-289.551,-116.211,-17.578
1641437283.856,31.738,24.414,-190.918,-40.527,-12.207
1641437283.860,47.363,16.602,-105.957,32.227,2.441
1641437283.864,13.672,4.883,-200.195,-19.043,19.531
1641437283.868,-14.160,2.441,-207.520,-82.031,2.930
1641437283.872,12.695,9.277,-96.191,-15.137,-29.297
1641437283.876,39.062,15.137,-51.270,92.773,27.344
1641437283.880,19.043,15.625,-139.160,80.078,32.227
1641437283.883,-10.742,16.113,-142.090,5.371,-16.602
1641437283.887,7.812,24.902,23.438,39.062,22.461
1641437283.891,65.430,31.738,99.609,159.180,38.086
1641437283.895,56.152,16.602,-155.762,162.109,5.371
1641437283.899,-7.812,5.371,-121.094,35.645,25.879
1641437283.902,-9.277,4.395,53.711,13.672,16.113
1641437283.906,31.250,4.883,-4.395,101.562,12.207
1641437283.910,40.039,10.742,26.367,131.348,39.551
1641437283.914,6.836,9.277,17.090,24.902,36.133
1641437283.918,2.930,6.348,-161.133,-45.410,-20.996
1641437283.922,43.457,5.859,-319.336,34.668,-51.758
1641437283.926,73.730,6.836,-286.133,110.352,-19.043
1641437283.929,42.969,6.348,-161.133,50.781,-24.902
1641437283.933,6.836,6.836,-157.715,-32.227,-31.738
1641437283.937,35.156,4.883,-508.301,23.438,-31.250
1641437283.941,68.848,7.812,-572.266,129.883,-47.852
1641437283.945,55.176,12.207,-73.730,118.164,-11.719
1641437283.946,21.973,3.906,-73.242,24.414,-2.441
1641437283.950,29.297,5.859,-206.543,18.066,10.742
1641437283.954,63.477,16.602,28.809,112.305,42.480
1641437283.958,53.711,17.090,253.906,148.926,70.801
1641437283.962,10.742,9.766,144.531,62.988,92.773
1641437283.966,0.977,7.324,-85.938,33.203,52.734
1641437283.970,35.645,15.137,17.578,125.488,66.406
1641437283.973,50.781,17.090,359.375,182.129,122.070
1641437283.977,12.695,14.648,278.320,108.398,84.961
1641437283.981,2.930,17.578,45.410,51.270,88.867
1641437283.985,36.621,15.625,259.766,125.488,119.141
1641437283.989,54.199,10.742,442.871,200.195,117.188
1641437283.993,28.809,13.184,154.785,155.762,65.918
1641437283.997,6.348,20.508,-240.723,82.520,38.086
1641437284.001,24.902,23.438,61.035,110.352,104.980
1641437284.005,51.758,21.973,422.852,195.312,104.492
1641437284.009,39.062,22.461,395.996,180.176,105.469
1641437284.013,1.465,18.066,126.465,79.590,98.633
1641437284.017,2.930,14.160,23.926,82.520,84.473
1641437284.020,38.574,21.973,356.934,183.105,132.324
1641437284.024,35.156,23.438,243.164,207.031,129.395
1641437284.028,4.395,20.020,-21.484,119.629,110.840
1641437284.032,5.859,22.949,200.195,90.332,99.121
1641437284.036,33.691,20.020,281.250,166.992,119.629
1641437284.036,46.875,18.555,325.684,220.215,158.203
1641437284.040,16.602,21.484,351.074,141.113,147.461
1641437284.044,5.371,23.926,226.074,53.711,150.391
1641437284.048,35.645,27.832,61.035,107.422,142.578
1641437284.052,55.664,29.297,186.523,187.500,137.207
1641437284.056,36.621,32.227,190.918,136.230,119.629
1641437284.060,12.695,32.227,59.570,46.387,109.375
1641437284.063,29.297,27.344,77.148,68.359,94.727
1641437284.067,58.105,17.578,-191.895,160.156,39.062
1641437284.071,51.270,17.578,-109.863,161.621,35.645
1641437284.075,23.438,25.879,206.055,63.965,69.824
1641437284.079,23.438,24.414,89.844,47.852,55.176
1641437284.081,49.805,26.367,147.461,129.395,42.480
1641437284.085,55.664,33.691,376.953,162.109,90.820
1641437284.089,20.020,36.133,337.891,78.613,100.098
1641437284.093,0.977,25.879,67.871,22.949,60.547
1641437284.097,27.832,19.531,74.707,92.285,71.777
1641437284.101,54.199,24.414,207.520,158.691,102.051
1641437284.105,26.855,21.973,58.594,83.984,107.422
1641437284.108,1.953,16.113,-127.930,-11.230,86.914
1641437284.112,26.367,12.695,9.766,25.391,108.398
1641437284.116,48.340,17.090,260.742,93.262,136.230
1641437284.120,30.273,20.508,234.863,37.598,149.902
1641437284.124,1.953,18.555,-201.660,-67.383,110.840
1641437284.127,15.137,25.879,-175.781,-60.059,100.586
1641437284.131,49.316,29.785,275.879,12.695,144.531
1641437284.135,44.434,23.926,265.137,1.953,135.254
1641437284.139,11.230,25.391,-4.395,-105.469,192.871
1641437284.143,11.719,27.344,-31.738,-134.277,207.520
1641437284.147,42.480,25.391,82.031,-53.711,170.898
1641437284.151,51.270,19.531,46.387,-15.137,180.664
1641437284.154,16.113,18.555,-40.527,-106.934,155.762
1641437284.158,7.812,26.855,-107.910,-171.387,114.258
1641437284.162,38.574,29.785,21.973,-104.980,126.465
1641437284.166,52.246,28.320,36.133,-52.246,69.824
1641437284.170,31.738,28.809,-128.906,-112.793,64.453
1641437284.171,13.672,31.250,-134.766,-194.336,118.164
1641437284.175,34.180,29.297,-131.348,-156.738,98.633
1641437284.179,53.711,25.391,-288.086,-65.918,92.285
1641437284.183,36.621,24.414,-576.660,-85.449,71.777
1641437284.187,7.324,27.832,-484.375,-173.828,28.809
1641437284.191,16.113,23.926,-501.953,-169.922,25.879
1641437284.195,48.828,16.602,-548.828,-71.289,68.359
1641437284.198,49.316,21.973,-408.691,-34.668,46.875
1641437284.202,16.113,26.855,-415.039,-114.746,21.973
1641437284.206,3.906,27.344,-512.695,-130.371,35.156
1641437284.210,33.691,29.785,-558.105,-33.691,38.086
1641437284.214,55.176,29.785,-485.352,41.016,35.645
1641437284.219,28.320,23.926,-396.973,-5.371,16.602
1641437284.223,7.812,21.484,-408.691,-52.734,-23.438
1641437284.227,30.762,20.508,-645.508,19.043,-72.754
1641437284.231,47.852,23.926,-403.809,97.168,5.859
1641437284.235,29.297,29.785,-20.996,65.430,96.680
1641437284.239,1.465,28.320,-316.406,3.418,39.062
1641437284.243,12.207,22.461,-436.035,40.039,-2.441
1641437284.246,34.180,15.137,-80.078,133.301,26.855
1641437284.250,19.531,19.043,176.758,122.559,78.125
1641437284.254,-12.207,21.973,-103.516,24.414,35.645
1641437284.258,-2.930,25.879,-512.207,31.738,-36.133
1641437284.262,42.480,39.062,-178.711,145.508,11.719
1641437284.291,54.688,39.551,214.355,194.336,66.406
1641437284.295,24.902,35.645,-35.645,106.934,55.176
1641437284.299,22.949,39.062,-291.504,73.242,41.992
1641437284.303,56.641,36.621,-49.805,164.551,66.406
1641437284.307,65.918,30.762,216.309,203.613,93.750
1641437284.311,30.273,26.855,-141.602,114.258,51.758
1641437284.315,10.742,23.926,-484.375,21.973,24.414
1641437284.318,35.156,29.785,-141.113,62.012,68.359
1641437284.322,56.641,33.691,218.262,136.719,129.883
1641437284.326,33.691,30.762,-79.590,83.496,91.309
1641437284.330,8.789,32.715,-354.004,-11.719,55.176
1641437284.334,25.391,28.320,-73.242,14.648,114.746
1641437284.322,46.875,21.484,67.383,110.840,140.625
1641437284.326,41.504,24.414,78.613,116.211,133.301
1641437284.330,4.395,23.438,22.461,13.672,99.121
1641437284.334,-0.488,19.043,-58.105,-12.207,95.703
1641437284.338,31.738,20.020,-80.566,76.172,120.605
1641437284.342,35.156,19.531,-148.926,110.840,120.117
1641437284.346,-6.836,10.254,-306.152,13.184,89.355
1641437284.349,-14.160,14.648,-285.156,-30.273,72.754
1641437284.353,19.531,24.902,-254.395,54.199,55.176
1641437284.357,31.250,21.973,-172.852,111.328,82.520
1641437284.361,0.488,20.508,-10.254,43.945,98.633
1641437284.365,-20.508,19.531,-118.652,-41.992,64.941
1641437284.372,-2.441,18.555,-316.895,-9.277,50.293
1641437284.376,24.902,20.996,-580.078,62.012,16.602
1641437284.380,16.602,24.414,-324.219,26.855,60.059
1641437284.384,-13.184,19.531,-134.277,-63.477,79.102
1641437284.388,6.836,24.414,-312.988,-46.387,41.992
1641437284.392,52.734,25.879,-324.219,52.246,61.523
1641437284.396,47.852,19.043,-254.883,55.176,68.848
1641437284.399,6.836,19.043,-429.688,-48.340,63.965
1641437284.403,12.207,22.949,-668.945,-56.152,36.621
1641437284.407,47.852,28.320,-451.660,40.527,16.602
1641437284.411,53.711,32.227,-91.309,86.914,88.867
1641437284.415,24.414,34.180,-124.512,12.695,113.281
1641437284.411,5.859,28.809,-646.973,-46.875,44.434
1641437284.415,26.855,26.855,-766.602,19.531,17.090
1641437284.419,50.293,33.691,-152.344,103.027,72.754
1641437284.423,26.367,33.691,-101.074,56.152,52.734
1641437284.427,-3.906,31.250,-323.730,-28.320,8.789
1641437284.431,17.578,29.785,-278.809,13.184,34.180
1641437284.435,46.875,20.996,-117.188,111.328,21.973
1641437284.438,29.297,16.602,-49.316,96.680,17.090
1641437284.442,-9.277,21.973,-412.109,1.465,18.555
1641437284.446,0.000,27.344,-657.227,-0.488,-25.879
1641437284.450,35.645,28.320,-261.230,89.355,-13.672
1641437284.454,32.715,27.344,118.164,112.793,10.254
1641437284.456,-1.465,26.855,93.750,13.672,-21.973
1641437284.460,3.418,27.832,112.305,-26.855,-26.855
1641437284.464,41.016,22.949,210.449,45.410,52.734
1641437284.468,45.898,18.066,282.227,80.566,81.543
1641437284.472,13.184,20.508,231.445,-1.953,14.648
1641437284.476,0.000,22.949,15.625,-75.195,-8.789
1641437284.480,26.855,22.461,-1.465,-22.461,-10.742
1641437284.483,53.223,27.832,-75.684,43.945,0.000
1641437284.487,26.367,29.785,-221.680,-9.766,-1.953
1641437284.491,-8.301,27.344,-55.664,-96.680,-18.066
1641437284.495,14.160,29.297,-59.082,-66.406,-36.621
1641437284.499,48.828,28.320,-69.824,29.297,-55.176
1641437284.502,34.180,29.297,65.918,26.855,-39.551
1641437284.506,1.465,33.691,-3.418,-70.801,-28.809
1641437284.510,8.301,25.391,-190.918,-71.777,-30.273
1641437284.514,55.176,14.160,-151.367,34.180,-30.762
1641437284.518,72.754,26.855,52.246,71.777,0.000
1641437284.522,14.648,39.062,-63.965,-54.688,75.195
1641437284.526,-12.695,36.621,-306.152,-131.348,41.504
1641437284.529,14.648,38.086,-410.645,-57.617,-20.996
1641437284.533,28.809,39.551,-118.652,-12.207,-8.301
1641437284.537,0.488,41.016,68.848,-101.562,-30.762
1641437284.541,-30.762,44.434,-169.922,-203.613,-66.406
1641437284.545,-15.625,39.551,-150.879,-166.504,-72.266
1641437284.547,13.672,41.016,141.602,-81.055,-67.871
1641437284.551,1.953,50.781,204.102,-115.723,-70.801
1641437284.555,-30.762,49.316,46.387,-214.355,-91.309
1641437284.559,-27.832,47.852,84.961,-222.656,-68.848
1641437284.563,0.000,45.898,227.539,-139.648,-15.625
1641437284.567,-0.488,41.504,201.660,-123.535,-19.531
1641437284.571,-30.273,41.504,-143.066,-214.355,-23.438
1641437284.574,-29.297,42.480,-370.605,-231.934,-53.223
1641437284.578,11.230,46.387,6.348,-135.254,-54.199
1641437284.582,22.461,39.551,275.391,-71.289,-4.395
1641437284.586,-10.742,30.273,106.934,-139.160,5.859
1641437284.590,-19.043,34.180,-112.793,-196.289,-34.180
1641437284.591,13.184,38.086,44.922,-132.324,-25.879
1641437284.595,30.273,40.527,185.547,-66.406,12.207
1641437284.599,2.441,40.527,85.938,-111.328,4.395
1641437284.603,-14.648,36.621,37.598,-185.059,3.418
1641437284.607,6.836,30.762,21.484,-153.809,-2.441
1641437284.611,34.668,34.668,-80.566,-50.781,9.277
1641437284.615,29.297,39.062,-286.133,-46.387,-1.465
1641437284.618,1.953,34.668,-275.391,-119.141,-4.883
1641437284.622,16.602,38.574,-83.008,-75.684,46.387
1641437284.626,50.781,41.992,-79.102,41.016,66.406
1641437284.630,40.039,37.598,-301.270,66.895,44.434
1641437284.634,6.836,40.039,-204.102,-8.301,69.336
1641437284.651,4.883,37.598,-24.902,-12.695,111.328
1641437284.655,36.621,28.809,-15.625,97.168,87.891
1641437284.659,48.828,29.297,112.793,163.086,74.219
1641437284.663,18.555,35.156,151.855,93.262,65.430
1641437284.667,8.301,37.109,-60.059,26.367,35.645
1641437284.671,36.621,29.785,-152.832,83.496,52.734
1641437284.675,55.664,30.762,-66.895,157.227,73.730
1641437284.678,20.020,35.645,49.805,104.980,74.219
1641437284.682,-9.277,35.645,-6.836,20.508,57.617
1641437284.686,13.184,34.180,-192.383,40.527,51.270
1641437284.690,40.039,30.273,-62.500,114.258,53.223
1641437284.694,26.367,28.320,148.438,84.961,94.727
1641437284.696,-2.441,27.832,1.465,-17.090,47.852
1641437284.700,8.301,24.902,-474.609,-4.883,-43.945
1641437284.704,42.480,28.320,-355.469,96.191,-4.395
1641437284.708,46.875,28.320,203.125,126.953,30.762
1641437284.712,16.113,22.949,44.434,35.645,-29.785
1641437284.716,2.930,24.414,-191.406,0.488,-30.273
1641437284.720,31.738,25.879,-68.848,86.426,5.371
1641437284.723,49.316,30.762,228.027,147.461,9.766
1641437284.727,14.648,26.367,110.840,67.871,-12.207
1641437284.731,-7.812,26.367,-358.398,-16.113,-78.125
1641437284.735,18.066,33.203,-77.148,52.734,-65.918
1641437284.739,45.410,30.762,373.535,132.812,-11.719
1641437284.741,22.461,29.785,240.723,81.055,16.602
1641437284.745,-2.441,33.691,29.785,0.488,31.250
1641437284.749,18.555,36.621,126.953,39.062,22.949
1641437284.753,49.316,30.273,341.309,139.648,31.738
1641437284.757,47.363,29.785,250.000,143.555,15.625
1641437284.761,17.090,37.109,-42.969,72.266,-35.645
1641437284.765,16.113,35.645,-12.207,86.914,-34.668
1641437284.768,52.246,33.691,273.438,182.617,9.766
1641437284.772,75.684,35.645,136.230,235.352,-4.883
1641437284.776,45.410,34.668,-83.496,151.367,-1.465
1641437284.780,1.953,33.691,104.492,79.102,56.152
1641437284.784,19.043,36.133,73.730,148.438,34.668
1641437284.802,45.898,35.156,77.148,194.824,-12.695
1641437284.806,12.207,27.832,174.316,100.586,18.066
1641437284.810,-9.766,24.414,124.023,12.695,41.992
1641437284.814,19.531,32.715,-86.426,61.035,-13.672
1641437284.818,42.480,30.273,-137.695,138.184,-14.648
1641437284.822,22.461,20.996,-76.660,95.215,-4.883
1641437284.826,-0.977,22.949,-194.336,14.648,-27.344
1641437284.829,16.602,27.832,-328.613,40.039,-53.223
1641437284.833,47.363,35.156,-352.051,140.625,-35.156
1641437284.837,39.062,32.715,-1.953,162.109,16.602
1641437284.841,10.742,25.879,102.539,71.777,-15.137
1641437284.845,16.113,27.344,-40.039,63.965,0.000
1641437284.831,41.504,27.344,100.586,145.996,59.082
1641437284.835,43.457,23.926,303.223,177.246,55.176
1641437284.839,1.465,18.555,221.191,90.332,48.828
1641437284.843,-16.113,24.902,-53.711,25.391,31.738
1641437284.847,15.625,29.297,-82.520,89.844,-4.395
1641437284.851,33.691,21.973,35.645,165.039,1.953
1641437284.855,2.441,18.555,-83.496,106.445,0.977
1641437284.858,-11.719,20.996,-240.234,27.344,-49.316
1641437284.862,12.695,20.508,-96.680,83.008,-7.812
1641437284.866,36.133,23.926,153.809,179.688,34.180
1641437284.870,23.926,24.902,204.590,156.738,46.387
1641437284.874,-6.348,16.602,-231.934,68.359,32.227
1641437284.876,6.836,15.625,-483.887,76.660,-34.668
1641437284.880,41.016,20.996,32.227,169.434,7.812
1641437284.884,40.039,23.438,252.441,193.848,77.148
1641437284.888,11.230,26.855,59.082,94.238,34.180
1641437284.892,13.184,27.344,64.453,57.617,20.996
1641437284.896,47.852,28.320,125.488,138.672,73.730
1641437284.900,53.223,31.250,49.805,178.223,69.824
1641437284.903,18.555,28.809,-134.766,89.844,47.852
1641437284.907,5.371,20.508,-134.766,9.277,41.016
1641437284.911,33.203,14.160,94.727,70.801,29.297
1641437284.915,54.688,21.484,176.270,145.020,35.156
1641437284.919,28.320,26.367,174.316,81.543,45.410
1641437284.921,4.883,26.855,214.355,-3.418,33.203
1641437284.925,22.949,30.273,273.438,30.273,68.848
1641437284.929,51.758,29.785,347.168,113.281,90.332
1641437284.933,38.574,26.855,354.492,108.887,48.340
1641437284.937,1.465,27.344,299.316,14.648,43.457
1641437284.941,6.348,20.996,154.785,5.371,23.438
1641437284.945,40.039,16.602,89.844,90.332,26.367
1641437284.948,41.504,24.902,243.164,110.840,60.059
1641437284.952,5.859,30.762,394.531,16.602,26.367
1641437284.956,9.277,33.691,265.137,-20.508,-7.812
1641437284.960,49.805,35.645,112.305,61.523,12.207
1641437284.964,55.664,31.250,209.961,109.375,68.848
1641437284.967,24.902,33.203,366.699,51.270,80.078
1641437284.971,12.695,29.785,215.332,-20.508,61.035
1641437284.975,38.086,24.902,80.078,29.297,41.016
1641437284.979,63.965,24.902,330.078,117.676,68.359
1641437284.983,38.086,21.973,448.242,81.055,88.379
1641437284.987,2.930,21.973,141.602,3.906,91.797
1641437284.991,20.508,26.855,-187.500,30.762,55.664
1641437284.994,49.805,31.738,149.902,119.141,62.988
1641437284.998,40.527,36.133,527.344,108.398,133.301
1641437285.002,2.930,36.621,269.531,4.395,104.980
1641437285.006,17.090,33.691,100.098,5.859,72.266
1641437285.010,64.941,26.855,264.648,109.863,101.562
1641437285.027,56.641,20.508,389.160,138.672,96.191
1641437285.031,2.441,24.414,177.734,20.996,40.527
1641437285.035,-16.113,21.973,-107.910,-32.715,6.836
1641437285.039,14.160,20.996,48.340,69.824,55.176
1641437285.043,32.227,21.484,387.207,130.859,92.285
1641437285.047,8.789,18.555,127.441,62.012,24.414
1641437285.051,-2.441,18.555,-250.488,-18.555,-3.418
1641437285.054,28.320,25.391,105.469,29.297,65.430
1641437285.058,50.781,28.320,375.000,114.258,57.617
1641437285.062,26.855,17.090,307.617,85.938,30.273
1641437285.066,0.488,7.812,189.941,-0.977,-13.184
1641437285.070,16.113,14.648,193.848,-1.953,3.418
1641437285.071,48.828,23.438,343.750,89.355,54.199
1641437285.075,49.805,28.320,365.723,103.516,39.551
1641437285.079,15.625,29.297,301.758,0.000,32.227
1641437285.083,18.066,32.715,256.348,-27.344,-5.859
1641437285.087,51.270,33.203,228.027,36.133,18.066
1641437285.091,52.246,31.250,211.426,68.848,64.941
1641437285.095,19.043,23.926,127.930,-19.531,64.941
1641437285.098,10.742,15.625,-1.465,-95.703,20.508
1641437285.102,41.992,21.973,-10.742,-32.227,21.973
1641437285.106,59.082,29.785,42.969,29.297,67.871
1641437285.110,30.273,33.691,220.703,-36.133,42.969
1641437285.114,7.812,35.156,264.648,-120.605,-14.648
1641437285.116,30.762,32.227,93.750,-76.660,-42.969
1641437285.120,54.199,31.250,182.129,8.789,-42.969
1641437285.124,43.457,32.227,497.559,-5.859,11.230
1641437285.128,11.719,31.250,428.711,-85.938,1.953
1641437285.132,15.625,21.973,260.254,-74.707,-54.199
1641437285.136,49.316,17.578,276.367,26.367,-59.082
1641437285.140,44.434,23.438,361.328,47.852,-31.250
1641437285.143,8.301,24.902,382.324,-55.664,-4.883
1641437285.147,3.418,27.344,91.797,-97.656,-51.270
1641437285.151,31.738,30.273,37.109,-18.066,-92.773
1641437285.155,44.922,29.785,517.090,29.297,-70.801
1641437285.159,15.137,26.367,543.945,-48.340,-40.039
1641437285.162,-5.859,24.902,272.461,-110.352,-77.148
1641437285.166,23.438,17.090,281.738,-48.828,-118.164
1641437285.170,53.223,17.090,438.477,27.344,-81.055
1641437285.174,28.320,22.949,281.250,-21.973,-76.172
1641437285.178,4.395,25.391,-68.848,-106.934,-97.656
1641437285.182,30.762,32.227,-146.484,-54.199,-52.734
1641437285.186,60.547,35.156,-12.207,49.316,-24.902
1641437285.189,41.016,29.297,-48.340,34.180,-36.621
1641437285.193,5.859,26.367,-290.527,-71.289,-95.703
1641437285.197,12.695,23.926,-198.730,-78.125,-63.965
1641437285.201,45.410,20.020,-59.570,16.113,13.672
1641437285.205,43.457,21.973,-311.035,35.156,-27.344
1641437285.206,5.859,23.438,-687.500,-52.246,-73.730
1641437285.210,3.418,27.832,-503.418,-84.961,-41.016
1641437285.214,35.156,30.762,-247.070,-4.883,-20.508
1641437285.218,50.293,30.273,-235.840,67.871,20.508
1641437285.222,18.555,27.344,-247.559,25.879,18.555
1641437285.226,2.441,24.414,-395.020,-20.996,-40.527
1641437285.230,33.203,29.785,-449.707,55.664,-15.625
1641437285.233,51.270,28.809,-317.871,131.836,31.250
1641437285.237,26.367,21.484,-217.773,99.609,29.785
1641437285.241,2.441,27.832,-244.141,32.227,53.711
1641437285.245,20.508,34.668,-260.254,55.176,21.973
1641437285.249,50.293,32.227,-444.336,145.020,-34.180
1641437285.267,43.457,27.832,-356.934,149.414,8.301
1641437285.271,10.254,23.438,-251.953,61.523,11.719
1641437285.275,14.648,25.391,-530.762,48.340,-41.992
1641437285.279,46.875,28.809,-424.316,137.207,3.906
1641437285.283,54.688,30.762,-89.844,176.270,55.176
1641437285.287,28.320,28.809,-261.230,80.078,27.344
1641437285.291,22.949,21.973,-571.777,15.137,11.230
1641437285.294,48.340,22.461,-631.836,71.777,3.906
1641437285.298,61.035,25.391,-247.559,125.000,64.453
1641437285.302,32.715,27.344,-28.320,59.570,108.398
1641437285.306,9.277,23.926,-271.973,-37.598,109.863
1641437285.310,33.691,23.926,-275.391,-3.418,89.355
1641437285.296,61.035,28.320,-33.691,98.633,83.496
1641437285.300,44.922,31.250,5.859,82.520,59.570
1641437285.304,19.043,32.227,-252.441,-8.301,2.930
1641437285.308,31.250,27.344,-319.336,6.836,33.203
1641437285.312,56.152,25.879,-136.719,106.934,103.516
1641437285.316,58.105,34.668,-195.801,122.070,106.934
1641437285.320,39.551,41.992,-368.164,45.898,62.012
1641437285.323,27.344,33.691,-297.852,24.902,53.223
1641437285.327,37.598,26.367,-129.395,86.914,103.027
1641437285.331,31.250,25.879,-61.523,115.723,129.883
1641437285.335,-6.348,20.020,-569.824,25.879,47.852
1641437285.339,-17.578,14.648,-892.578,-33.203,15.137
1641437285.341,9.766,13.672,-405.762,36.621,59.570
1641437285.345,20.996,14.648,-161.621,100.586,50.781
1641437285.349,-6.348,12.207,-281.738,39.551,28.809
1641437285.353,-25.391,11.719,-365.234,-38.086,24.902
1641437285.357,1.953,16.602,-268.555,0.488,18.555
1641437285.361,32.227,20.508,-226.074,80.078,26.855
1641437285.365,19.043,11.230,-461.426,49.316,29.785
1641437285.368,-10.742,4.395,-487.793,-46.387,-19.043
1641437285.372,-4.395,9.277,-209.473,-31.250,-2.930
1641437285.376,29.297,16.602,-173.340,66.895,0.000
1641437285.380,30.762,25.879,-114.746,98.633,0.488
1641437285.384,-2.930,21.973,26.367,17.578,36.133
1641437285.402,-5.859,20.508,59.570,2.441,87.891
1641437285.406,28.809,27.832,-2.930,91.309,90.820
1641437285.410,39.062,27.832,84.961,126.953,36.621
1641437285.414,7.812,25.879,314.453,46.875,34.668
1641437285.418,-4.883,21.973,208.008,-26.367,20.996
1641437285.422,18.555,18.555,94.238,29.297,48.828
1641437285.426,40.039,23.926,211.914,102.539,72.266
1641437285.429,20.996,28.320,373.047,55.176,30.273
1641437285.433,-1.953,30.273,384.277,-31.738,11.719
1641437285.437,19.531,31.250,103.027,-7.812,-8.789
1641437285.441,52.246,35.156,53.711,90.820,-17.578
1641437285.445,41.504,31.250,371.582,85.938,2.930
1641437285.446,4.883,18.066,265.137,-7.324,-18.066
1641437285.450,12.695,18.555,120.117,-6.348,-40.039
1641437285.454,46.875,23.438,269.043,84.961,28.809
1641437285.458,50.781,17.090,430.664,120.605,80.078
1641437285.462,19.043,13.184,231.445,31.738,20.020
1641437285.466,14.648,23.438,-88.379,-5.859,2.930
1641437285.470,42.969,27.344,-49.316,68.848,31.738
1641437285.473,49.316,26.855,262.695,109.863,48.828
1641437285.477,19.043,27.344,197.754,43.457,50.293
1641437285.481,7.324,26.367,-235.840,-24.414,21.973
1641437285.485,32.227,25.391,-71.289,19.531,7.812
1641437285.489,51.758,22.461,306.641,96.680,53.223
1641437285.491,33.691,24.414,218.262,60.547,62.012
1641437285.495,5.859,19.043,74.707,-22.461,11.230
1641437285.499,19.043,11.230,94.727,-4.883,-5.859
1641437285.503,51.758,18.555,222.168,92.285,-1.465
1641437285.507,42.480,21.973,179.688,100.098,-9.766
1641437285.511,7.324,24.414,-153.809,-0.977,-39.062
1641437285.515,6.348,23.438,-94.238,-13.672,-25.879
1641437285.518,40.039,21.484,276.855,79.102,34.668
1641437285.522,49.316,19.043,135.254,118.164,41.016
1641437285.526,9.277,17.090,-91.797,20.996,34.668
1641437285.530,-0.977,23.438,135.742,-26.367,29.785
1641437285.534,35.156,25.879,210.938,63.477,53.223
1641437285.536,46.387,17.578,266.113,121.582,47.852
1641437285.540,16.113,20.020,289.062,60.547,0.977
1641437285.544,0.000,25.391,219.727,-16.602,0.977
1641437285.548,21.484,22.461,96.191,23.926,-4.395
1641437285.552,40.527,19.043,121.094,118.652,33.691
1641437285.556,22.949,15.625,201.660,88.867,65.430
1641437285.560,-5.859,16.602,113.281,-16.602,51.270
1641437285.563,3.906,21.484,15.137,-22.461,-3.418
1641437285.567,41.016,25.391,-80.566,63.477,25.879
1641437285.571,42.480,21.973,194.824,89.844,65.918
1641437285.575,5.859,21.973,256.348,-1.465,63.965
1641437285.579,7.812,28.320,22.949,-30.762,65.430
1641437285.581,44.922,29.297,129.395,50.293,67.871
1641437285.585,50.293,30.762,320.801,88.867,62.012
1641437285.589,16.113,30.273,198.730,10.742,8.301
1641437285.593,1.953,23.926,-21.484,-42.480,0.488
1641437285.597,31.738,17.578,10.254,30.762,3.906
1641437285.601,53.223,21.973,54.688,104.980,16.113
1641437285.605,32.227,27.344,-21.484,49.805,20.020
1641437285.608,8.301,14.160,-339.355,-31.738,-40.039
1641437285.612,23.438,13.184,-522.461,-3.418,-32.715
1641437285.616,49.805,23.926,-37.109,82.520,30.762
1641437285.620,37.598,24.902,181.641,58.594,41.016
1641437285.624,9.766,24.902,-51.758,-27.344,-18.066
1641437285.626,16.602,27.344,-85.449,-4.395,-44.434
1641437285.630,48.828,29.785,97.656,100.586,3.418
1641437285.634,50.293,25.879,150.391,123.047,48.828
1641437285.638,15.137,25.879,-13.184,25.879,32.227
1641437285.642,9.766,30.762,-46.875,-7.812,20.020
1641437285.646,40.527,26.367,-34.668,77.148,16.602
1641437285.650,52.246,15.137,-18.066,136.719,34.180
1641437285.653,17.578,16.602,-216.309,47.852,14.160
1641437285.657,-2.441,24.414,-214.844,-29.297,26.367
1641437285.661,24.414,27.344,-14.160,27.344,47.852
1641437285.665,52.734,25.391,11.719,101.562,70.312
1641437285.669,40.039,27.832,-53.711,63.965,61.035
1641437285.686,-1.465,23.438,-53.223,-34.180,20.508
1641437285.690,-2.930,17.090,-87.402,-24.902,-4.395
1641437285.694,25.879,18.555,-95.215,70.801,-4.395
1641437285.698,16.113,20.996,3.418,72.266,75.195
1641437285.702,-15.137,15.137,-84.961,-16.113,39.551
1641437285.706,-6.348,10.742,-216.309,-21.484,4.883
1641437285.710,28.320,15.625,-358.398,60.547,29.785
1641437285.713,42.969,25.879,-251.465,100.098,59.570
1641437285.717,13.184,28.320,52.734,11.719,88.867
1641437285.721,-0.488,19.043,-70.801,-43.457,80.566
1641437285.725,35.645,17.090,-54.199,31.738,94.727
1641437285.729,47.852,17.578,78.125,86.914,103.027
1641437285.732,16.602,16.113,15.137,14.160,100.098
1641437285.736,8.301,19.531,-36.621,-56.152,61.523
1641437285.740,33.691,16.602,-167.969,-9.766,20.508
1641437285.744,57.129,13.184,15.625,74.219,55.176
1641437285.748,47.852,22.461,219.238,44.434,70.801
1641437285.752,15.625,23.438,-95.215,-49.316,24.414
1641437285.756,19.531,18.555,-270.996,-40.039,-11.719
1641437285.759,51.758,20.996,53.711,39.551,-15.137
1641437285.763,43.945,24.414,271.484,34.668,14.648
1641437285.767,5.859,19.043,-51.758,-65.430,-9.766
1641437285.771,11.719,9.766,-459.961,-78.125,-84.473
1641437285.775,44.922,11.719,-106.934,10.742,-36.133
1641437285.779,44.922,16.602,273.926,41.504,29.297
1641437285.783,14.648,19.043,62.988,-52.246,20.020
1641437285.787,8.789,19.531,-217.773,-104.980,-23.438
1641437285.791,37.109,20.996,-102.539,-18.555,-5.371
1641437285.795,55.664,26.855,189.941,47.852,76.172
1641437285.799,25.391,20.508,52.734,-15.625,58.594
1641437285.803,0.488,12.207,-227.051,-89.844,24.414
1641437285.806,24.414,9.277,-104.004,-52.246,19.531
1641437285.810,52.734,12.695,133.301,32.227,0.488
1641437285.814,34.668,18.555,-100.098,19.531,4.883
1641437285.818,4.883,20.508,-490.234,-72.754,-4.395
1641437285.822,21.484,28.320,-224.121,-68.848,-21.973
1641437285.821,51.270,28.809,91.309,24.902,-8.301
1641437285.825,46.387,21.973,17.578,47.852,0.488
1641437285.829,9.766,16.602,-149.414,-37.598,-31.738
1641437285.833,2.441,16.602,-189.941,-57.617,-23.438
1641437285.837,40.039,19.531,-78.613,38.574,25.391
1641437285.841,44.922,15.625,-191.895,82.031,15.625
1641437285.845,5.371,9.277,-204.102,3.906,-1.465
1641437285.848,-9.766,10.742,-47.363,-46.387,-5.859
1641437285.852,15.137,17.090,-40.039,22.949,-9.766
1641437285.856,32.715,16.602,-158.203,95.703,-12.207
1641437285.860,10.742,18.066,-194.336,62.988,21.484
1641437285.864,-4.883,19.043,73.242,2.930,35.156
1641437285.866,9.766,15.625,310.547,42.480,40.527
1641437285.870,32.227,17.090,495.117,130.859,74.219
1641437285.874,26.367,13.672,626.953,113.770,90.820
1641437285.878,-4.883,12.695,507.812,16.602,80.566
1641437285.882,1.953,21.484,383.301,20.508,47.363
1641437285.886,37.109,23.438,395.020,111.328,37.598
1641437285.890,40.527,21.484,454.102,134.766,44.922
1641437285.893,10.742,23.438,523.926,46.875,44.434
1641437285.897,3.418,20.996,193.848,27.344,10.254
1641437285.901,37.109,18.066,37.598,119.629,31.250
1641437285.905,54.199,22.461,506.836,165.527,60.547
1641437285.909,21.484,20.020,486.816,94.238,-7.812
1641437285.911,3.418,12.207,267.090,23.438,2.441
1641437285.915,24.902,16.602,359.375,65.430,66.406
1641437285.919,49.805,26.367,542.969,133.301,75.195
1641437285.923,29.785,25.391,480.957,88.867,79.102
1641437285.927,-1.465,21.973,235.840,-8.789,58.594
1641437285.931,15.625,20.996,64.941,-2.930,30.273
1641437285.935,53.223,24.414,178.223,95.703,74.219
1641437285.938,48.828,18.555,290.527,104.980,37.109
1641437285.942,11.719,15.137,-28.809,3.418,-10.742
1641437285.946,20.020,17.090,73.242,-7.812,32.227
1641437285.950,48.340,9.766,343.262,77.637,45.410
1641437285.954,47.363,11.230,211.426,95.215,31.250
1641437285.956,18.066,15.137,139.160,-13.184,4.395
1641437285.960,7.324,16.602,245.117,-74.707,-61.523
1641437285.964,38.086,22.461,327.148,-9.277,-49.805
1641437285.968,49.805,22.949,327.148,35.156,-11.230
1641437285.972,19.043,18.066,227.539,-37.109,-32.227
1641437285.976,-1.953,14.160,97.656,-100.098,-1.465
1641437285.980,24.414,16.602,61.523,-34.180,-20.020
1641437285.983,55.176,14.160,17.578,59.082,-47.363
1641437285.987,37.109,10.742,-1.953,36.133,-28.320
1641437285.991,6.836,17.090,202.148,-45.410,1.465
1641437285.995,20.508,17.090,229.004,-29.785,24.414
1641437285.999,50.293,19.043,254.395,50.293,50.781
1641437286.002,45.898,24.414,376.465,48.340,84.961
1641437286.006,22.461,20.508,158.203,-40.039,39.062
1641437286.010,19.531,12.207,-162.109,-46.875,9.277
1641437286.014,26.367,12.207,-153.320,37.598,22.461
1641437286.018,25.391,14.648,61.523,75.684,42.969
1641437286.022,7.324,11.230,-82.031,1.465,36.133
1641437286.026,-0.977,6.836,-421.387,-51.758,1.465
1641437286.029,27.832,11.230,-488.281,33.691,8.789
1641437286.033,51.270,20.020,-111.816,113.770,79.102
1641437286.037,23.438,22.949,67.871,50.781,72.754
1641437286.041,-4.395,22.949,-223.145,-42.480,-4.395
1641437286.045,20.020,21.973,-225.098,-14.648,-1.953
1641437286.046,50.293,23.438,55.664,79.102,57.617
1641437286.050,36.621,23.438,121.582,55.664,57.617
1641437286.054,9.766,19.531,-101.074,-42.969,-15.137
1641437286.058,22.949,18.066,-198.730,-43.457,-8.789
1641437286.062,50.781,17.090,-131.836,43.945,29.297
1641437286.066,46.875,20.020,-85.938,83.984,32.227
1641437286.070,15.137,23.926,-333.008,3.906,23.438
1641437286.073,15.625,26.855,-595.215,-19.531,-16.602
1641437286.077,47.363,26.367,-164.551,69.824,3.418
1641437286.081,49.316,20.996,189.453,118.652,4.883
1641437286.085,14.160,15.625,55.176,56.641,-10.742
1641437286.089,5.371,18.555,-31.738,15.625,25.879
1641437286.091,36.621,21.973,71.289,86.914,39.551
1641437286.095,51.270,18.555,148.926,154.785,54.199
1641437286.099,22.949,7.812,49.805,110.840,51.758
1641437286.103,-1.953,4.395,-87.402,39.551,20.508
1641437286.107,19.043,15.625,-28.320,68.848,41.992
1641437286.111,46.875,22.949,-83.008,149.414,24.414
1641437286.115,31.738,22.949,-375.488,125.000,-10.254
1641437286.118,1.953,20.020,-393.555,16.113,11.719
1641437286.122,13.184,24.902,-149.902,14.160,3.906
1641437286.126,45.410,23.926,-56.641,105.469,-26.367
1641437286.130,48.340,20.996,-18.555,125.488,-8.789
1641437286.134,17.578,17.578,62.012,20.996,-3.906
1641437286.152,7.812,13.672,23.438,-24.414,-6.348
1641437286.156,38.086,18.066,-44.434,63.965,34.180
1641437286.160,51.270,21.973,56.641,122.070,72.266
1641437286.164,13.184,19.531,148.926,42.480,59.570
1641437286.168,-5.371,15.625,32.715,-35.645,2.441
1641437286.172,22.949,18.555,-125.977,24.902,-27.832
1641437286.176,43.945,21.484,-24.902,111.816,-8.301
1641437286.179,26.367,20.508,216.309,72.266,4.395
1641437286.183,-3.906,15.625,187.500,-13.184,-1.465
1641437286.187,5.371,8.301,-151.855,8.301,-51.758
1641437286.191,38.574,6.348,-125.000,106.934,-69.336
1641437286.195,31.738,12.207,359.375,118.164,15.137
1641437286.196,-2.441,16.602,298.340,24.414,31.738
1641437286.200,4.395,18.555,102.539,13.184,7.324
1641437286.204,36.133,20.020,262.207,93.750,33.691
1641437286.208,33.691,19.531,456.055,118.164,81.055
1641437286.212,0.000,20.508,326.172,26.855,81.543
1641437286.216,-7.324,16.602,16.602,-21.484,41.504
1641437286.220,25.391,19.043,-45.410,50.781,5.371
1641437286.223,47.363,16.602,285.645,113.281,15.625
1641437286.227,14.648,4.883,293.945,51.270,31.250
1641437286.231,-11.230,7.324,-95.215,-23.438,4.395
1641437286.235,12.695,19.043,78.125,30.273,4.883
1641437286.239,44.434,25.879,457.520,122.559,38.086
1641437286.241,30.762,22.949,365.234,84.961,21.484
1641437286.245,-4.395,20.020,155.762,-18.555,-16.602
1641437286.249,7.812,20.508,259.766,4.395,26.367
1641437286.253,41.016,20.508,456.055,101.074,33.691
1641437286.257,37.109,20.996,408.203,109.863,49.316
1641437286.261,0.488,20.996,123.535,13.184,60.059
1641437286.265,-4.395,16.113,76.172,-0.977,69.824
1641437286.268,26.367,8.301,359.863,99.609,80.078
1641437286.272,26.367,7.812,345.215,127.441,84.961
1641437286.276,-2.930,19.043,142.090,32.227,105.469
1641437286.280,-3.906,24.414,276.367,-7.812,102.539
1641437286.284,28.809,24.902,313.965,74.219,81.055
1641437286.286,49.316,25.391,416.016,139.648,106.934
1641437286.290,22.461,25.391,403.809,70.801,129.395
1641437286.294,-6.348,20.508,291.504,-23.438,133.789
1641437286.298,15.137,20.508,134.766,16.602,144.531
1641437286.302,47.852,19.043,130.371,116.211,152.832
1641437286.306,29.297,11.230,107.910,89.844,121.094
1641437286.310,-1.953,11.719,-102.539,-4.883,72.266
1641437286.313,3.906,5.371,-187.500,-11.230,45.898
1641437286.317,29.785,4.883,-459.473,56.641,38.574
1641437286.321,27.344,13.184,-398.438,63.477,37.109
1641437286.325,10.742,18.555,-301.758,-22.949,26.367
1641437286.329,5.371,15.137,-641.602,-62.500,26.367
1641437286.331,29.785,17.090,-824.707,8.789,19.531
1641437286.335,41.992,16.602,-846.680,61.523,40.039
1641437286.339,0.000,6.836,-956.055,-14.648,71.777
1641437286.343,3.906,18.555,-973.145,-52.246,52.246
1641437286.347,50.781,24.902,-965.820,46.875,49.316
1641437286.351,66.406,29.297,-970.215,126.953,62.500
1641437286.355,19.043,24.902,-969.238,62.500,48.340
1641437286.358,-12.207,15.625,-969.727,-15.625,-22.461
1641437286.362,6.348,12.207,-969.238,14.648,1.953
1641437286.366,32.715,12.695,-969.238,110.352,115.234
1641437286.370,12.695,11.719,-969.727,92.773,97.656
1641437286.374,-16.602,10.742,-969.727,-12.695,47.852
1641437286.376,0.977,13.184,-969.727,-8.789,67.383
1641437286.380,35.645,14.160,-969.238,77.637,57.617
1641437286.384,36.621,10.742,-969.727,86.426,69.824
1641437286.388,-0.488,5.859,-969.727,-28.320,35.156
1641437286.392,-2.441,10.742,-969.727,-70.801,-34.180
1641437286.396,34.668,15.625,-969.727,18.555,-51.270
1641437286.400,46.387,10.742,-969.727,65.918,-55.664
1641437286.403,22.461,8.301,-969.238,-5.859,-52.246
1641437286.407,7.324,16.113,-969.727,-65.918,-93.750
1641437286.411,35.156,20.508,-969.238,-0.488,-57.129
1641437286.415,58.105,16.602,-969.727,90.820,9.277
1641437286.419,33.203,17.090,-970.215,60.059,-28.809
1641437286.421,10.742,20.508,-965.820,-19.531,-74.219
1641437286.425,28.809,23.926,-969.238,-4.883,-56.152
1641437286.429,55.176,22.461,-969.238,83.008,-11.230
1641437286.433,45.898,23.438,-819.824,92.773,14.160
1641437286.437,9.277,21.973,-745.605,-5.371,12.695
1641437286.441,6.836,14.160,-822.754,-20.996,1.953
1641437286.445,39.062,13.184,-911.133,67.871,13.184
1641437286.448,36.133,14.160,-742.188,93.262,29.785
1641437286.452,0.977,17.578,-385.254,13.184,38.574
1641437286.456,-3.418,24.902,-375.977,-23.926,38.574
1641437286.460,26.855,27.344,-344.727,41.992,7.812
1641437286.464,42.480,20.996,-62.988,104.980,38.574
1641437286.467,12.695,22.461,13.672,50.293,58.594
1641437286.471,0.488,22.461,-77.637,-16.113,62.500
1641437286.475,23.438,11.719,-46.875,30.273,73.730
1641437286.479,41.504,12.207,216.797,108.398,56.152
1641437286.483,27.344,20.996,437.012,83.496,54.688
1641437286.487,0.000,22.461,161.621,-11.230,14.160
1641437286.491,13.672,22.461,-191.406,-4.883,-39.551
1641437286.494,47.363,28.809,196.289,85.449,11.719
1641437286.498,42.969,27.344,662.109,100.098,92.773
1641437286.502,11.719,21.484,477.051,4.883,55.176
1641437286.506,10.254,18.066,317.383,-23.438,1.465
1641437286.510,41.016,16.113,562.012,67.383,39.551
1641437286.526,49.316,18.555,738.281,110.352,55.176
1641437286.530,10.254,15.137,537.598,22.461,37.109
1641437286.534,-3.906,16.113,325.195,-38.086,33.203
1641437286.538,27.832,22.949,418.457,31.250,20.996
1641437286.542,44.434,18.555,677.734,102.051,56.152
1641437286.546,11.719,17.578,438.965,41.016,55.176
1641437286.550,-9.277,16.113,24.902,-46.875,25.879
1641437286.553,15.625,11.230,330.566,-15.625,31.738
1641437286.557,38.086,4.395,662.598,68.848,32.227
1641437286.561,22.949,6.348,611.816,54.199,20.020
1641437286.565,-4.395,17.090,460.449,-33.691,-1.465
1641437286.569,4.883,23.926,473.145,-30.273,23.926
1641437286.571,42.480,28.809,594.727,66.406,56.152
1641437286.575,40.039,20.508,658.691,99.609,95.703
1641437286.579,0.000,12.207,545.410,6.348,67.383
1641437286.583,2.930,17.090,443.359,-18.066,32.227
1641437286.587,37.109,16.113,496.582,75.684,90.820
1641437286.591,41.504,9.277,467.285,126.953,81.543
1641437286.595,3.906,14.160,329.590,58.594,23.926
1641437286.598,-1.465,24.902,316.895,-4.395,36.621
1641437286.602,34.180,22.461,390.137,46.875,70.801
1641437286.606,51.270,15.137,173.828,99.121,88.867
1641437286.610,30.273,19.531,237.793,38.086,71.289
1641437286.614,6.836,19.531,412.598,-44.922,53.711
1641437286.616,25.391,18.555,242.676,-15.625,61.523
1641437286.620,55.176,22.949,345.215,79.590,77.637
1641437286.624,38.086,20.996,528.809,54.199,69.824
1641437286.628,4.883,15.625,361.328,-45.898,26.855
1641437286.632,12.207,8.789,126.465,-30.273,-0.488
1641437286.636,36.133,9.277,104.980,53.223,24.414
1641437286.640,30.273,18.066,290.039,75.195,41.992
1641437286.643,-5.859,19.043,302.734,-26.855,2.930
1641437286.647,-14.648,18.555,-113.281,-79.102,-52.246
1641437286.651,18.555,24.414,-323.242,20.508,-70.801
1641437286.655,39.551,26.855,155.273,93.750,-48.340
1641437286.659,14.160,21.973,286.621,31.250,-28.320
1641437286.661,-6.836,18.066,47.363,-43.457,-27.832
1641437286.665,17.090,14.648,91.797,8.301,-46.875
1641437286.669,41.504,5.371,336.426,96.191,18.066
1641437286.673,27.344,13.184,318.848,55.176,38.574
1641437286.677,4.883,26.855,55.664,-45.410,6.836
1641437286.681,16.113,24.414,-31.738,-40.527,32.715
1641437286.685,48.828,19.531,111.328,48.340,13.184
1641437286.688,47.363,22.461,167.969,59.570,18.066
1641437286.692,10.254,20.996,-248.535,-44.922,-31.738
1641437286.696,5.859,17.578,-214.844,-60.547,-30.273
1641437286.700,35.156,20.020,143.555,20.020,27.344
1641437286.704,41.504,17.090,-8.301,46.875,17.578
1641437286.706,2.930,10.254,-193.848,-40.039,-33.691
1641437286.710,-10.742,7.324,-101.562,-86.426,-39.062
1641437286.714,20.508,8.789,-0.977,0.488,27.344
1641437286.718,38.086,4.395,72.754,78.125,40.039
1641437286.722,28.809,2.930,57.617,53.223,25.391
1641437286.726,27.344,14.648,-217.285,5.859,0.488
1641437286.730,33.691,26.367,-225.586,43.457,-13.672
1641437286.733,42.969,26.367,-228.027,124.512,-12.207
1641437286.737,31.738,28.320,-392.578,101.074,-33.203
1641437286.741,3.906,34.180,-229.980,0.977,-11.230
1641437286.745,16.602,35.156,-281.738,-4.395,3.418
1641437286.749,42.480,35.156,-272.949,68.848,29.785
1641437286.752,35.156,39.062,-126.465,87.402,41.504
1641437286.756,0.977,38.574,-194.336,-2.930,24.902
1641437286.760,1.953,37.109,-377.441,-20.996,41.016
1641437286.764,36.133,38.086,-264.160,65.918,72.754
1641437286.768,62.012,35.156,-9.277,104.492,61.035
1641437286.772,43.945,31.250,-59.570,38.086,69.824
1641437286.776,12.207,30.762,-227.539,-21.484,90.332
1641437286.779,29.785,29.297,-357.910,43.945,70.801
1641437286.783,58.105,33.691,-33.203,124.023,98.145
1641437286.787,35.156,36.133,298.340,70.801,66.406
1641437286.791,4.883,32.227,69.824,-16.602,35.645
1641437286.795,20.508,33.691,50.293,5.859,74.219
1641437286.796,43.457,35.645,323.730,86.426,104.004
1641437286.800,30.273,27.832,375.977,70.312,98.633
1641437286.804,2.930,17.090,142.578,-32.715,75.195
1641437286.808,14.160,19.531,123.047,-35.156,70.801
1641437286.812,47.363,30.273,301.270,52.246,74.707
1641437286.816,47.852,31.250,382.324,71.289,59.082
1641437286.820,7.812,22.949,122.559,-21.973,68.848
1641437286.823,-0.488,18.066,-164.062,-59.082,40.527
1641437286.827,39.062,26.855,257.812,24.902,44.434
1641437286.831,56.152,28.809,575.684,79.590,83.496
1641437286.835,21.973,23.438,429.199,8.301,73.242
1641437286.839,2.441,19.043,300.293,-62.012,76.660
1641437286.841,28.320,15.137,415.039,0.000,113.281
1641437286.845,50.781,17.578,487.305,66.895,97.656
1641437286.849,33.691,24.414,403.320,16.113,94.727
1641437286.853,16.113,27.832,360.352,-43.945,112.793
1641437286.857,33.691,31.250,322.754,-7.812,84.473
1641437286.861,59.082,29.785,298.340,76.172,118.652
1641437286.865,52.246,22.949,69.336,58.105,134.766
1641437286.868,13.672,21.973,-53.223,-49.316,121.094
1641437286.872,20.020,21.484,165.527,-44.434,150.879
1641437286.876,61.523,17.578,164.062,51.270,159.668
1641437286.880,56.152,15.137,145.508,70.801,158.691
1641437286.884,23.438,21.973,219.727,-20.020,119.141
1641437286.902,17.578,29.785,95.215,-54.199,72.266
1641437286.906,43.945,29.297,32.227,24.902,91.797
1641437286.910,53.711,26.855,86.426,77.148,106.445
1641437286.914,12.695,20.508,143.555,0.000,93.262
1641437286.918,-10.254,18.555,-3.418,-72.266,83.008
1641437286.922,21.973,22.949,-182.129,-18.066,87.891
1641437286.926,51.758,22.949,-109.375,67.871,105.957
1641437286.929,36.133,24.414,79.590,44.922,112.793
1641437286.933,6.836,30.762,59.082,-21.973,53.711
1641437286.937,19.043,29.785,-276.855,-0.488,42.969
1641437286.941,49.805,29.297,-261.719,77.148,87.891
1641437286.945,41.992,31.738,174.316,88.867,99.609
1641437286.947,12.695,29.785,102.051,-2.441,57.129
1641437286.951,20.996,32.715,-159.180,-25.391,20.020
1641437286.955,57.129,35.156,48.340,64.941,75.684
1641437286.959,55.664,31.738,296.875,96.191,116.211
1641437286.963,17.090,24.902,99.121,8.301,63.965
1641437286.967,6.836,22.949,-170.410,-29.785,21.973
1641437286.971,31.250,28.320,-136.719,45.898,37.109
1641437286.974,48.828,29.297,176.270,101.562,57.129
1641437286.978,25.391,27.832,117.676,49.316,44.922
1641437286.982,3.418,30.273,-309.082,-19.531,1.465
1641437286.986,24.414,33.203,-93.262,25.879,43.945
1641437286.990,51.270,28.320,294.434,123.535,104.980
1641437286.991,33.691,23.438,187.500,88.379,69.824
1641437286.995,2.930,23.438,-113.770,-10.254,41.504
1641437286.999,16.113,20.996,-83.008,13.184,53.223
1641437287.003,53.223,18.066,135.254,110.352,26.367
1641437287.007,37.109,26.855,33.691,104.980,11.719
1641437287.011,0.000,31.738,-200.195,6.348,9.766
1641437287.015,6.836,23.438,-228.516,-4.395,47.363
1641437287.018,33.691,20.020,50.293,82.520,107.910
1641437287.022,44.434,24.902,79.102,127.441,104.004
1641437287.026,11.230,24.902,-149.414,41.992,86.426
1641437287.030,-1.953,30.273,80.566,-16.113,112.305
1641437287.034,31.250,31.250,204.102,56.152,106.445
1641437287.037,48.340,25.879,213.867,124.512,99.609
1641437287.041,25.879,25.879,202.148,76.660,150.391
1641437287.045,7.324,24.414,80.078,4.395,115.234
1641437287.049,21.484,21.484,-66.406,33.203,12.695
1641437287.053,48.340,22.949,67.871,121.582,39.551
1641437287.057,36.621,29.297,107.910,104.492,59.082
1641437287.061,2.930,28.809,-93.262,-2.930,31.250
1641437287.064,9.277,24.414,-92.773,-4.883,17.578
1641437287.068,41.016,26.855,-202.148,86.914,14.648
1641437287.072,43.457,27.344,-18.066,115.723,58.594
1641437287.076,9.277,16.113,251.465,40.527,146.484
1641437287.080,4.395,18.555,-4.395,1.465,83.008
1641437287.081,40.039,32.715,-0.488,84.473,52.734
1641437287.085,51.270,31.738,280.273,139.648,104.004
1641437287.089,14.160,29.297,210.938,58.105,61.523
1641437287.093,3.418,31.738,-82.520,-5.859,31.738
1641437287.097,33.691,31.738,-70.801,51.270,55.176
1641437287.101,43.945,23.926,87.402,122.559,75.684
1641437287.105,20.020,24.902,66.406,74.219,78.613
1641437287.108,-4.395,23.926,-237.793,-9.766,12.207
1641437287.112,14.648,13.672,-438.965,16.602,-43.457
1641437287.116,47.363,18.555,117.188,119.629,29.297
1641437287.120,36.133,28.809,414.062,118.164,55.664
1641437287.124,7.324,33.691,97.168,15.625,-5.859
1641437287.126,11.230,33.691,59.570,9.277,16.113
1641437287.130,38.574,28.809,258.789,84.961,66.406
1641437287.134,36.133,24.414,318.848,105.469,60.059
1641437287.138,2.441,21.973,219.238,11.719,41.016
1641437287.142,-0.488,27.832,162.109,-40.039,31.250
1641437287.146,32.715,32.227,168.457,43.945,23.926
1641437287.150,49.316,24.902,188.965,100.098,41.016
1641437287.153,16.113,17.578,92.773,20.020,25.391
1641437287.157,-0.977,19.531,79.590,-66.406,-10.254
1641437287.161,26.367,24.414,213.867,-18.555,38.086
1641437287.165,54.199,31.250,208.984,74.219,78.125
1641437287.169,40.527,32.715,61.523,43.945,25.391
1641437287.171,4.883,25.391,77.148,-47.852,-12.207
1641437287.175,14.648,18.555,82.031,-40.527,-18.555
1641437287.179,41.504,20.020,79.102,43.457,-0.488
1641437287.183,28.320,27.832,145.020,54.688,-2.441
1641437287.187,-2.441,28.320,50.781,-38.086,-54.688
1641437287.191,4.883,27.832,-173.828,-44.434,-53.711
1641437287.195,46.387,36.133,-366.211,53.223,-18.066
1641437287.198,55.664,35.156,-391.113,83.496,-16.113
1641437287.202,13.184,29.785,-248.535,10.742,7.812
1641437287.206,-3.418,27.832,-362.305,-38.574,-16.602
1641437287.210,34.668,29.297,-500.977,31.738,6.348
1641437287.214,54.199,33.203,-454.102,107.910,87.402
1641437287.217,19.531,28.809,-601.562,50.293,72.266
1641437287.221,-6.348,21.484,-884.277,-27.832,21.973
1641437287.225,15.625,31.738,-975.098,11.719,17.578
1641437287.229,47.363,43.945,-943.848,110.840,20.020
1641437287.233,25.879,44.434,-945.312,83.496,17.578
1641437287.237,-14.648,37.598,-971.680,-6.836,0.000
1641437287.241,-2.930,33.203,-969.727,5.859,-30.762
1641437287.244,24.414,36.621,-969.238,92.773,-25.879
1641437287.248,13.672,42.480,-969.727,96.680,-6.836
1641437287.252,-27.344,41.992,-969.727,-13.672,-47.852
1641437287.256,-32.227,40.039,-969.727,-31.738,-46.875
1641437287.260,0.488,43.945,-969.238,56.152,24.414
1641437287.292,8.789,49.805,-969.727,92.773,61.523
1641437287.296,-29.297,59.570,-969.727,5.371,45.410
1641437287.300,-33.203,69.336,-969.727,-50.293,14.648
1641437287.304,-3.418,66.895,-969.727,7.812,29.785
1641437287.308,0.488,63.965,-969.727,52.246,54.688
1641437287.312,-26.855,63.477,-969.727,-16.602,6.348
1641437287.316,-51.758,64.941,-969.727,-115.723,-63.965
1641437287.319,-31.738,69.336,-970.215,-83.984,-64.941
1641437287.323,-2.930,66.895,-966.797,7.812,-48.340
1641437287.327,-27.344,57.129,-966.309,-20.020,-11.230
1641437287.331,-61.523,56.641,-967.285,-120.605,0.977
1641437287.335,-50.781,65.430,-978.027,-123.535,-53.223
1641437287.321,-14.160,67.871,-910.645,-36.621,-35.645
1641437287.325,-14.160,59.082,-853.027,-30.273,-29.297
1641437287.329,-51.270,52.734,-873.535,-125.977,-41.016
1641437287.333,-56.641,53.223,-801.270,-144.531,-3.906
1641437287.337,-26.855,48.828,-657.715,-58.594,8.301
1641437287.341,-10.742,42.480,-544.922,-18.066,34.180
1641437287.345,-32.227,41.016,-549.805,-98.145,32.715
1641437287.348,-46.387,40.039,-655.762,-168.457,-23.438
1641437287.352,-13.184,40.039,-650.391,-108.398,-34.180
1641437287.356,18.066,37.598,-356.445,-14.160,28.809
1641437287.360,6.836,33.203,-65.918,-37.598,35.156
1641437287.364,-16.602,31.738,-87.891,-108.887,-28.320
1641437287.366,-9.277,25.391,-167.480,-64.453,-23.926
1641437287.370,23.926,17.578,-264.648,43.945,-13.184
1641437287.374,21.973,20.508,42.969,51.758,11.230
1641437287.378,-9.277,20.020,280.273,-35.156,54.199
1641437287.382,4.395,14.160,178.223,-36.621,17.578
1641437287.386,44.922,17.578,257.812,61.523,11.719
1641437287.390,44.434,19.531,412.598,102.539,78.613
1641437287.393,13.672,17.578,543.945,25.391,106.934
1641437287.397,12.207,15.137,248.535,-16.113,71.777
1641437287.401,47.852,17.090,102.539,75.195,37.109
1641437287.405,65.918,17.578,747.070,145.508,79.102
1641437287.409,35.645,11.230,926.270,80.566,91.797
1641437287.411,16.602,1.953,722.656,0.488,55.176
1641437287.415,41.504,-0.488,846.191,40.527,61.523
1641437287.419,64.453,4.395,-981.445,120.117,66.895
1641437287.423,48.828,11.719,978.516,77.148,19.531
1641437287.427,20.020,12.207,908.691,-30.762,1.953
1641437287.431,33.203,5.859,903.320,-37.598,35.156
1641437287.435,66.895,5.371,992.188,41.016,60.547
1641437287.438,70.801,10.254,995.117,39.551,61.035
1641437287.442,36.621,6.836,768.066,-79.102,-2.930
1641437287.446,30.762,3.418,857.910,-123.047,1.953
1641437287.450,67.383,5.859,-972.656,-53.223,45.410
1641437287.454,75.684,-0.488,989.746,-16.602,32.227
1641437287.456,34.668,-6.348,999.023,-96.191,-7.324
1641437287.460,20.508,-0.488,999.512,-148.438,-33.691
1641437287.464,49.316,5.859,999.512,-67.383,9.277
1641437287.468,65.918,7.812,999.512,4.883,22.949
1641437287.472,39.062,8.789,999.512,-40.039,8.789
1641437287.476,20.020,7.324,999.512,-87.891,-5.371
1641437287.480,44.922,10.254,999.512,-33.203,-34.180
1641437287.483,75.195,10.254,999.512,67.871,-45.410
1641437287.487,58.105,-0.488,999.512,50.781,-15.137
1641437287.491,23.926,-6.836,999.512,-45.410,-7.324
1641437287.495,40.527,-2.930,999.512,-20.020,-33.203
1641437287.499,79.102,5.371,999.023,89.355,-0.977
1641437287.502,74.707,10.254,999.023,111.816,43.457
1641437287.506,42.969,15.137,-1000.000,17.578,7.324
1641437287.510,43.945,14.648,994.629,-20.020,-28.809
1641437287.514,70.312,7.324,987.305,62.012,-20.020
1641437287.518,76.660,4.395,989.746,119.141,3.418
1641437287.522,43.457,5.859,-986.816,56.152,21.484
1641437287.526,26.855,6.348,972.656,13.672,-10.742
1641437287.529,50.781,3.906,861.328,95.215,-40.527
1641437287.533,68.359,4.883,954.102,179.688,-24.414
1641437287.537,40.039,5.371,-970.215,129.883,2.441
1641437287.541,11.719,8.301,933.594,41.992,-25.879
1641437287.545,27.832,11.230,915.039,76.660,-14.160
1641437287.546,48.340,11.719,-999.023,163.086,52.734
1641437287.550,35.645,10.742,-986.328,145.020,31.250
1641437287.554,11.719,10.254,924.805,47.363,-41.992
1641437287.558,24.414,14.648,887.695,42.969,22.949
1641437287.562,56.641,12.695,956.055,131.348,63.965
1641437287.566,57.617,11.719,977.051,157.715,18.066
1641437287.570,21.484,16.113,684.570,57.617,12.207
1641437287.573,19.531,17.090,351.562,18.066,-31.738
1641437287.577,55.664,20.508,732.910,109.863,-21.973
1641437287.581,71.777,26.367,-977.051,165.527,41.016
1641437287.585,41.016,27.832,893.066,91.309,41.504
1641437287.589,21.484,25.879,765.625,8.301,28.320
1641437287.591,54.199,27.344,761.719,46.875,37.598
1641437287.595,83.008,34.180,789.551,123.535,-0.977
1641437287.599,62.988,32.715,698.730,81.543,9.766
1641437287.603,41.504,29.785,520.508,-6.348,3.906
1641437287.607,61.035,33.691,483.398,29.785,-7.324
1641437287.611,83.008,27.832,461.914,122.559,66.406
1641437287.615,63.965,18.555,242.188,113.281,43.945
1641437287.618,23.438,23.438,184.082,17.578,17.578
1641437287.622,25.879,30.273,318.848,13.184,28.809
1641437287.626,55.664,30.762,374.512,104.980,30.762
1641437287.630,50.293,27.832,398.438,137.695,45.898
1641437287.634,11.719,25.879,507.812,48.828,71.777
1641437287.652,0.000,20.996,409.668,-8.301,52.246
1641437287.656,29.785,17.578,322.754,63.965,4.883
1641437287.660,47.363,21.973,418.457,128.418,17.090
1641437287.664,22.949,25.879,482.910,70.312,25.879
1641437287.668,6.348,18.555,389.160,-0.488,35.645
1641437287.672,25.391,18.555,139.160,37.109,34.180
1641437287.676,48.340,32.715,150.879,114.258,20.996
1641437287.679,34.668,33.203,399.414,88.379,62.012
1641437287.683,6.348,23.926,353.516,-0.488,73.730
1641437287.687,17.578,20.996,83.984,4.395,30.273
1641437287.691,49.805,22.949,66.406,93.750,35.645
1641437287.695,44.434,20.996,348.633,104.980,43.457
1641437287.696,8.789,17.578,229.492,-3.906,24.414
1641437287.700,1.465,21.484,-66.406,-29.785,10.742
1641437287.704,28.809,24.902,126.465,58.594,41.016
1641437287.708,39.062,26.367,404.297,105.957,57.617
1641437287.712,4.883,23.438,230.957,31.738,41.992
1641437287.716,-4.395,21.973,-39.062,-23.438,32.227
1641437287.720,25.391,21.484,-57.617,47.852,2.441
1641437287.723,40.527,21.484,226.562,113.770,44.434
1641437287.727,9.766,20.508,143.066,54.688,57.129
1641437287.731,-22.461,20.020,-323.730,-20.996,33.691
1641437287.735,-7.324,19.043,-158.691,15.137,61.035
1641437287.739,19.043,15.625,210.938,97.168,78.613
1641437287.757,2.441,14.648,151.855,62.012,33.691
1641437287.761,-18.555,20.020,-97.168,-27.344,-6.836
1641437287.765,1.953,28.809,-159.180,-8.789,-23.926
1641437287.769,37.109,31.738,-67.871,75.684,24.414
1641437287.773,38.086,29.785,-240.234,95.703,39.551
1641437287.777,3.906,28.809,-589.844,13.672,6.836
1641437287.781,6.836,36.133,-767.578,0.977,9.277
1641437287.784,41.016,46.387,-748.047,102.051,36.133
1641437287.788,48.828,49.805,-809.570,147.461,46.387
1641437287.792,12.207,50.293,-983.887,62.012,22.949
1641437287.796,-10.254,43.945,-967.285,-12.695,34.180
1641437287.800,18.066,53.711,-966.797,60.547,55.176
1641437287.786,38.086,68.848,-970.215,155.273,72.754
1641437287.790,-3.418,60.059,-969.727,96.191,46.875
1641437287.794,-30.273,57.617,-969.727,12.207,1.465
1641437287.798,-27.344,63.477,-969.727,28.320,-10.742
1641437287.802,0.488,72.754,-969.238,104.004,51.270
1641437287.806,0.000,76.172,-969.727,102.539,94.238
1641437287.810,-45.410,70.312,-969.727,-4.395,98.633
1641437287.813,-42.480,73.730,-969.727,-13.672,95.703
1641437287.817,-7.812,79.102,-969.727,75.684,83.008
1641437287.821,-18.555,80.078,-969.727,85.938,85.938
1641437287.825,-61.035,83.496,-969.727,-21.973,65.430
1641437287.829,-66.895,83.496,-969.727,-77.637,9.766
1641437287.832,-34.668,79.590,-969.727,-9.277,20.996
1641437287.836,-23.438,76.172,-969.727,34.180,71.777
1641437287.840,-56.152,68.848,-970.215,-57.617,56.641
1641437287.844,-74.219,60.547,-968.262,-138.672,39.062
1641437287.848,-53.711,61.523,-971.680,-86.914,39.062
1641437287.852,-33.691,66.406,-967.773,-11.230,64.941
1641437287.856,-53.223,65.918,-919.922,-44.434,119.141
1641437287.859,-75.684,60.547,-951.660,-134.766,98.633
1641437287.863,-52.734,54.688,-945.312,-118.164,35.645
1641437287.867,-9.766,56.152,-506.836,-19.531,49.316
1641437287.871,-3.906,54.688,-168.457,-8.301,85.938
1641437287.875,-34.668,40.527,-287.598,-102.051,61.035
1641437287.877,-23.438,29.297,-262.695,-112.305,37.598
1641437287.881,22.949,29.785,20.508,-15.625,88.379
1641437287.885,37.109,30.273,178.223,29.297,126.465
1641437287.889,7.812,27.344,72.266,-46.387,104.004
1641437287.893,3.418,24.902,54.199,-92.773,103.516
1641437287.897,44.922,24.902,160.645,-13.672,148.438
1641437287.901,58.594,19.531,209.473,53.711,127.930
1641437287.904,28.809,11.230,20.508,-13.184,92.773
1641437287.908,15.137,9.766,132.324,-88.379,91.309
1641437287.912,42.480,13.184,371.094,-34.668,71.289
1641437287.916,71.777,3.418,316.895,67.871,46.875
1641437287.920,56.641,-4.883,272.949,48.340,59.570
1641437287.922,33.203,3.418,398.926,-44.922,95.215
1641437287.926,48.828,10.742,514.648,-27.344,109.863
1641437287.930,81.055,11.230,585.938,71.777,113.281
1641437287.934,82.520,12.207,745.605,99.121,166.016
1641437287.938,53.223,11.230,760.742,8.789,159.180
1641437287.942,51.270,7.324,526.855,-21.484,87.402
1641437287.946,83.496,3.418,388.672,62.012,78.613
1641437287.949,98.145,5.371,515.137,110.840,92.773
1641437287.953,62.012,6.348,769.531,44.434,120.117
1641437287.957,42.969,-3.906,761.230,-9.766,119.629
1641437287.961,72.266,-4.395,682.129,63.965,94.727
1641437287.965,83.496,4.883,785.645,129.395,104.980
1641437287.981,51.758,12.207,830.078,69.336,118.164
1641437287.985,29.297,11.719,657.715,-6.836,96.680
1641437287.989,45.898,11.719,564.941,19.043,33.203
1641437287.993,70.312,11.719,791.016,97.168,6.836
1641437287.997,58.105,9.277,936.035,85.449,62.012
1641437288.001,31.250,9.277,627.441,-11.719,9.277
1641437288.005,43.457,10.254,186.523,-9.766,-43.945
1641437288.008,75.684,8.789,299.805,87.402,-14.648
1641437288.012,73.730,6.836,808.594,118.652,-6.348
1641437288.016,32.715,10.742,764.160,33.203,-10.254
1641437288.020,29.785,14.160,565.918,-7.324,-8.789
1641437288.024,62.012,15.137,790.527,78.125,-18.555
1641437288.026,70.312,17.578,-997.559,124.512,-10.254
1641437288.030,39.062,19.043,778.320,38.574,-51.270
1641437288.034,23.438,17.578,572.266,-20.508,-80.566
1641437288.038,47.363,18.555,691.406,46.387,-35.156
1641437288.042,72.266,20.508,842.285,133.789,-13.184
1641437288.046,52.246,17.578,671.387,94.727,-23.926
1641437288.050,25.879,8.789,545.410,4.395,-48.340
1641437288.053,44.434,-3.418,752.930,31.738,-34.180
1641437288.057,71.289,-0.977,960.938,133.301,20.996
1641437288.061,55.176,6.836,754.883,132.324,7.812
1641437288.065,24.902,10.254,355.957,30.762,-56.641
1641437288.069,34.668,17.578,644.043,32.715,-59.570
1641437288.072,66.895,22.461,929.688,123.535,-35.645
1641437288.076,63.477,21.973,925.781,143.066,-30.762
1641437288.080,31.738,24.414,897.949,55.664,-43.945
1641437288.084,22.949,22.461,796.387,2.441,-74.707
1641437288.088,48.340,14.160,790.039,66.406,-83.496
1641437288.092,62.988,15.137,767.578,122.559,-60.059
1641437288.096,31.738,13.672,636.719,61.035,-80.566
1641437288.099,9.766,10.742,597.656,1.953,-92.285
1641437288.103,34.180,15.625,586.426,60.059,-46.875
1641437288.107,54.688,20.020,360.352,145.020,-27.344
1641437288.111,30.762,24.414,446.289,98.633,-2.441
1641437288.115,9.766,27.832,635.742,13.184,18.555
1641437288.117,27.344,23.438,438.965,51.758,-5.371
1641437288.121,52.246,26.855,560.547,141.113,60.547
1641437288.125,45.410,31.738,807.129,139.160,105.957
1641437288.129,16.113,24.902,649.414,32.715,32.227
1641437288.133,17.090,12.695,427.246,1.953,14.160
1641437288.137,53.711,17.090,399.902,87.402,45.410
1641437288.141,64.941,25.879,441.895,123.535,55.176
1641437288.144,32.715,24.902,397.949,37.598,20.020
1641437288.148,25.391,25.391,272.949,-13.672,42.969
1641437288.152,60.547,29.297,312.500,59.082,80.566
1641437288.156,79.102,33.691,621.582,128.418,125.488
1641437288.160,49.316,35.156,711.914,84.473,172.852
1641437288.162,25.391,29.297,194.336,13.672,60.547
1641437288.166,43.457,27.832,-66.895,53.223,-1.465
1641437288.170,66.895,34.180,498.535,152.344,78.125
1641437288.174,46.875,27.832,599.121,132.812,98.633
1641437288.178,13.184,27.344,311.035,30.762,71.777
1641437288.182,21.484,31.738,236.328,20.020,81.543
1641437288.186,50.293,27.344,314.453,99.121,133.301
1641437288.189,47.363,28.809,357.910,112.793,115.723
1641437288.193,13.672,29.297,-71.289,6.836,9.766
1641437288.197,8.789,25.879,-120.605,-18.066,-7.324
1641437288.201,37.109,24.902,440.430,77.637,75.684
1641437288.205,44.922,22.461,448.730,119.629,131.348
1641437288.207,15.625,22.949,245.605,32.227,74.707
1641437288.211,2.930,25.391,265.625,-29.297,-0.977
1641437288.215,26.367,17.578,337.891,32.227,7.812
1641437288.219,39.551,10.742,251.953,87.891,25.879
1641437288.223,16.602,16.602,195.312,31.738,37.598
1641437288.227,-2.930,22.949,111.816,-38.086,33.691
1641437288.231,18.066,24.902,-11.230,20.020,77.148
1641437288.234,48.828,25.391,79.590,115.234,62.500
1641437288.238,40.039,25.391,251.465,86.914,28.320
1641437288.242,15.625,26.367,243.164,6.348,43.945
1641437288.246,38.086,29.785,177.246,38.086,25.879
1641437288.250,72.754,22.461,-3.418,125.488,-7.324
1641437288.252,42.969,16.602,-46.875,111.328,-3.906
1641437288.256,7.812,21.484,143.555,14.648,27.832
1641437288.260,11.719,20.020,4.395,0.977,50.781
1641437288.264,28.320,13.184,48.340,86.914,69.336
1641437288.268,35.156,13.184,346.680,123.535,72.754
1641437288.272,3.418,19.043,223.633,55.176,28.809
1641437288.276,-15.625,18.555,-87.402,-17.090,-37.109
1641437288.279,15.137,15.625,-304.688,27.344,-39.551
1641437288.283,40.527,18.066,-50.293,105.469,-0.488
1641437288.287,12.695,17.090,418.457,57.129,55.664
1641437288.291,-14.160,12.207,233.398,-20.020,55.664
1641437288.295,6.348,16.113,95.703,12.207,49.805
1641437288.296,36.133,17.090,347.168,98.633,58.594
1641437288.300,28.320,14.160,482.422,102.539,23.438
1641437288.304,-1.953,16.113,253.418,21.973,-6.836
1641437288.308,0.000,21.973,76.172,17.578,-44.434
1641437288.312,34.180,26.855,331.543,111.328,30.762
1641437288.316,38.086,23.438,403.320,139.160,64.453
1641437288.320,4.395,17.090,35.156,31.250,-11.719
1641437288.323,6.348,23.438,-358.398,-23.926,-34.180
1641437288.327,40.039,26.855,-101.074,53.711,18.555
1641437288.331,49.805,25.391,276.367,106.445,75.195
1641437288.335,15.625,28.809,17.578,33.691,14.648
1641437288.339,1.465,26.855,-126.465,-33.203,-31.738
1641437288.342,32.715,24.902,184.082,26.855,-32.227
1641437288.346,55.176,24.902,437.500,112.793,6.348
1641437288.350,38.574,23.926,111.816,69.824,14.648
1641437288.354,16.113,32.227,-101.074,-10.254,-19.531
1641437288.358,24.902,34.180,282.227,22.461,55.664
1641437288.362,54.688,27.832,250.488,110.352,59.570
1641437288.366,49.805,24.902,-24.902,113.281,29.785
1641437288.369,11.719,24.902,-28.809,23.438,44.922
1641437288.373,15.137,26.367,179.199,11.719,61.523
1641437288.377,43.457,20.508,206.543,97.168,71.777
1641437288.381,42.480,23.926,249.512,136.719,60.059
1641437288.385,8.301,29.785,313.477,42.480,35.645
1641437288.401,-1.465,26.855,184.570,-22.949,-8.301
1641437288.405,21.484,26.855,114.746,45.898,-5.859
1641437288.409,30.762,24.414,227.051,108.398,24.414
1641437288.413,7.324,17.090,322.266,48.340,49.805
1641437288.417,-9.766,16.602,146.484,-31.250,21.484
1641437288.421,16.113,23.438,-65.430,8.301,17.090
1641437288.425,40.039,24.902,19.043,88.379,23.926
1641437288.428,25.879,25.391,181.641,61.523,19.531
1641437288.432,-4.395,18.555,150.391,-31.738,33.691
1641437288.436,-1.465,14.160,-202.637,-37.598,-39.062
1641437288.440,28.809,21.973,-267.578,48.340,-28.809
1641437288.444,30.762,32.227,83.496,80.078,28.809
1641437288.446,-2.441,32.227,48.340,-9.277,20.508
1641437288.450,-2.930,23.438,-183.105,-50.293,2.441
1641437288.454,37.109,25.391,-61.035,28.809,13.184
1641437288.458,41.992,26.855,194.824,69.824,52.246
1641437288.462,8.789,25.391,80.078,-5.371,62.012
1641437288.466,2.441,26.855,-254.395,-54.199,28.809
1641437288.470,34.180,29.297,-247.070,24.414,10.742
1641437288.473,54.199,32.227,99.609,101.562,49.316
1641437288.477,30.273,30.762,79.102,47.363,41.016
1641437288.481,14.648,26.367,-356.934,-28.320,4.883
1641437288.485,38.086,30.273,-275.879,0.000,40.527
1641437288.489,63.477,32.227,83.496,83.008,82.520
1641437288.492,49.805,30.273,62.500,60.547,52.246
1641437288.496,23.926,34.668,-217.285,-46.387,-2.930
1641437288.500,37.598,40.527,-286.621,-40.527,28.320
1641437288.504,66.895,37.598,-13.672,49.805,68.848
1641437288.508,59.082,34.668,-75.195,64.941,41.992
1641437288.512,19.531,31.250,-371.094,-29.785,-0.977
1641437288.516,13.672,24.414,-352.051,-66.895,14.160
1641437288.519,43.945,24.414,-106.445,22.949,63.477
1641437288.523,43.457,25.879,-121.582,83.984,27.344
1641437288.527,9.277,29.785,-296.875,25.879,-34.668
1641437288.531,-4.883,36.621,-145.508,-30.762,-3.906
1641437288.535,20.508,34.180,-82.031,20.020,2.441
1641437288.537,40.039,31.250,-6.348,92.285,-0.488
1641437288.541,12.207,32.227,51.758,42.969,27.344
1641437288.545,-14.648,28.320,-65.430,-45.410,-1.953
1641437288.549,5.859,23.926,-139.160,-28.809,-31.738
1641437288.553,38.574,20.996,-84.473,46.387,10.254
1641437288.557,28.320,20.020,-115.723,37.598,53.711
1641437288.561,-0.977,21.973,-213.379,-65.430,-2.930
1641437288.564,11.719,24.414,-246.094,-82.031,-70.801
1641437288.568,46.875,27.832,-474.121,-6.348,-33.691
1641437288.572,49.316,32.715,-303.223,22.949,11.719
1641437288.576,13.184,29.785,31.250,-58.594,25.879
1641437288.580,1.465,20.996,-219.238,-119.629,-1.465
1641437288.581,33.203,20.508,-193.359,-39.062,35.156
1641437288.585,54.688,23.438,58.594,18.066,82.031
1641437288.589,25.391,16.602,17.578,-40.527,76.172
1641437288.593,4.395,14.648,-228.027,-96.680,60.059
1641437288.597,37.598,21.973,-263.184,-27.832,27.832
1641437288.601,68.848,30.273,-144.531,87.891,47.363
1641437288.605,32.227,29.297,-167.480,56.641,36.133
1641437288.608,-14.160,21.973,-506.836,-34.668,-9.277
1641437288.612,1.465,20.996,-756.348,8.789,-25.879
1641437288.616,34.180,24.902,-254.395,110.352,15.625
1641437288.620,24.414,23.926,64.453,121.094,66.895
1641437288.624,-12.695,23.438,-122.559,47.852,55.176
1641437288.627,-5.371,21.484,-185.547,34.180,18.555
1641437288.631,34.180,19.043,2.930,115.234,57.129
1641437288.635,40.527,24.414,64.941,159.180,65.430
1641437288.639,14.648,28.809,-94.727,71.777,39.062
1641437288.643,9.277,31.738,-139.160,4.395,46.875
1641437288.647,39.551,30.762,-135.742,67.383,32.715
1641437288.651,54.688,32.227,-107.422,131.836,29.297
1641437288.654,20.996,31.250,-342.773,69.824,26.367
1641437288.658,-4.395,28.809,-319.336,-9.766,30.273
1641437288.662,15.137,23.926,-89.844,36.133,14.160
1641437288.666,44.434,22.461,-187.500,114.258,-9.277
1641437288.670,40.527,33.691,-118.164,86.426,14.160
1641437288.670,12.695,35.156,-24.414,-9.277,46.875
1641437288.674,22.461,32.227,-48.828,-10.742,37.109
1641437288.678,58.594,38.574,24.414,68.359,44.922
1641437288.682,55.176,44.922,88.867,73.242,16.602
1641437288.686,24.414,38.086,-66.895,-21.484,-31.738
1641437288.690,22.461,33.203,-323.242,-47.852,-27.344
1641437288.694,45.410,35.645,-500.000,33.203,-37.598
1641437288.697,50.293,30.762,-472.168,76.660,-32.227
1641437288.701,18.555,24.902,-229.004,-1.465,4.883
1641437288.705,4.395,26.367,-296.875,-60.547,-31.738
1641437288.709,34.668,32.227,-349.121,20.508,-41.992
1641437288.713,49.805,30.273,-76.660,101.562,33.691
1641437288.717,22.949,24.902,-46.875,51.758,30.273
1641437288.721,3.418,29.297,-292.480,-20.508,-46.387
1641437288.725,20.508,33.691,-370.605,9.766,-64.941
1641437288.729,49.805,29.297,-135.254,95.703,-41.016
1641437288.733,40.039,14.648,8.789,72.266,-27.832
1641437288.737,3.906,13.672,-310.547,-32.715,-24.414
1641437288.741,9.277,23.438,-445.312,-36.133,-38.086
1641437288.744,39.551,23.438,-136.230,49.805,-15.137
1641437288.748,39.551,20.508,123.047,85.938,42.480
1641437288.752,8.301,20.020,-125.000,-6.836,9.277
1641437288.756,4.395,23.438,-529.297,-49.316,-56.152
1641437288.760,42.969,28.320,-254.395,43.945,-47.852
1641437288.776,57.129,26.367,37.109,106.934,-1.465
1641437288.780,20.996,22.461,-103.516,38.086,24.902
1641437288.784,6.836,18.066,-249.512,-31.250,12.695
1641437288.788,30.762,15.625,-275.391,25.879,-8.789
1641437288.792,54.199,24.414,-35.645,122.559,75.684
1641437288.796,33.203,30.762,-203.613,91.309,91.309
1641437288.800,4.883,31.738,-689.941,8.789,20.020
1641437288.803,22.461,36.133,-416.016,27.832,46.875
1641437288.807,48.340,33.203,-37.598,116.211,88.379
1641437288.811,42.969,31.250,9.277,126.953,113.770
1641437288.815,15.137,33.203,-137.695,29.297,72.754
1641437288.819,19.531,29.297,-254.883,14.160,5.371
1641437288.821,50.293,32.715,-93.262,94.727,41.504
1641437288.825,48.828,28.809,-27.832,111.816,83.008
1641437288.829,17.090,21.484,-131.348,22.949,39.551
1641437288.833,11.719,23.926,-214.844,-13.184,-23.926
1641437288.837,38.574,27.344,-224.121,62.012,-36.133
1641437288.841,55.176,32.227,-222.168,119.629,-11.719
1641437288.845,22.949,32.715,-264.648,53.711,-11.719
1641437288.848,-0.977,31.738,-411.133,-19.043,-102.051
1641437288.852,23.438,25.391,-393.066,35.645,-111.328
1641437288.856,50.781,24.414,-373.047,112.793,-68.359
1641437288.860,33.203,30.762,-188.477,77.148,-53.711
1641437288.864,-2.930,30.273,-58.105,-6.836,3.418
1641437288.866,6.348,24.414,-279.297,7.324,-6.348
1641437288.870,41.504,21.484,-218.750,95.703,-36.621
1641437288.874,36.621,22.949,7.812,98.633,-13.184
1641437288.878,4.883,26.367,-67.383,-1.953,-46.875
1641437288.882,5.859,27.832,-340.332,-25.391,-98.633
1641437288.886,32.715,28.809,-406.250,60.059,-91.309
1641437288.890,36.133,29.297,-181.152,99.609,-70.801
1641437288.893,2.441,33.203,-73.242,27.832,-47.852
1641437288.897,-10.254,28.809,-438.965,-19.043,-89.355
1641437288.901,17.090,23.926,-656.250,58.105,-114.258
1641437288.905,35.156,32.227,-38.574,149.414,-1.465
1641437288.909,9.277,29.785,166.992,109.375,54.199
1641437288.911,-17.578,16.113,-40.527,32.715,40.527
1641437288.915,7.812,12.695,-20.508,65.918,13.184
1641437288.919,39.062,23.926,145.996,151.367,-2.441
1641437288.923,18.555,25.879,207.031,127.930,-11.230
1641437288.927,-8.789,22.949,75.195,27.832,-35.645
1641437288.931,1.953,24.414,-7.324,28.809,-63.965
1641437288.935,34.668,23.926,131.836,112.305,24.414
1641437288.938,35.156,23.438,256.836,117.676,85.938
1641437288.942,-0.488,20.020,-37.109,18.555,-14.648
1641437288.946,-6.348,20.508,29.297,-21.973,-14.160
1641437288.950,29.297,23.926,397.949,44.922,55.176
1641437288.954,44.922,25.391,380.859,78.613,62.500
1641437288.956,10.254,24.902,218.750,-5.371,59.082
1641437288.960,-2.441,22.461,188.965,-80.078,36.133
1641437288.964,29.297,26.367,248.535,-38.086,-19.043
1641437288.968,52.734,30.762,276.855,20.020,-0.488
1641437288.972,32.227,29.785,251.953,-40.039,29.297
1641437288.976,8.301,25.879,72.266,-122.559,-26.855
1641437288.980,25.879,20.996,-64.453,-89.844,-80.078
1641437288.983,67.871,21.484,-92.773,6.348,-85.938
1641437288.987,50.781,28.320,-169.434,-9.766,-40.527
1641437288.991,-1.953,37.109,-17.090,-116.211,-28.320
1641437288.995,13.184,37.598,60.059,-101.074,-55.664
1641437288.999,48.828,32.227,88.379,-10.742,-44.922
1641437289.002,37.109,29.785,215.820,1.465,-40.527
1641437289.006,4.395,29.785,270.020,-90.820,-67.383
1641437289.010,8.301,31.738,60.059,-137.207,-125.488
1641437289.014,36.621,32.715,-91.309,-69.336,-174.805
1641437289.018,46.875,31.738,218.750,-21.973,-128.418
1641437289.022,25.391,30.273,236.328,-91.309,-108.398
1641437289.026,12.695,33.203,-79.590,-173.828,-167.969
1641437289.029,38.574,36.621,-278.320,-127.930,-205.078
1641437289.033,61.035,30.273,23.438,-36.133,-173.828
1641437289.037,37.109,18.555,315.918,-66.406,-145.508
1641437289.041,7.324,17.578,94.238,-144.531,-176.758
1641437289.045,23.926,24.414,57.129,-106.934,-152.832
1641437289.046,56.641,31.250,303.223,24.414,-151.367
1641437289.050,40.527,34.180,400.879,68.359,-196.777
1641437289.054,2.441,34.180,221.680,-4.883,-231.934
1641437289.058,8.789,36.133,159.668,15.137,-176.758
1641437289.062,40.039,37.598,392.090,127.441,-119.629
1641437289.066,37.109,30.762,446.289,178.223,-104.492
1641437289.070,0.977,28.320,110.840,108.398,-79.102
1641437289.073,-1.465,24.902,-231.934,59.082,-103.027
1641437289.077,29.297,19.043,109.863,127.441,-67.383
1641437289.081,39.062,21.973,556.152,189.453,8.301
1641437289.085,7.812,23.438,498.535,128.906,49.805
1641437289.089,-13.672,26.855,346.191,52.734,39.551
1641437289.092,3.906,28.320,365.723,84.961,39.062
1641437289.096,29.297,22.949,455.566,157.227,82.520
1641437289.100,19.043,23.438,421.387,125.488,83.984
1641437289.104,-7.812,21.484,275.391,36.621,10.742
1641437289.108,4.395,14.648,230.957,58.105,33.691
1641437289.112,33.203,18.555,168.945,155.273,80.078
1641437289.116,26.855,25.391,33.203,174.316,60.547
1641437289.119,-4.395,22.461,74.219,79.590,68.359
1641437289.123,-7.324,15.625,158.203,54.199,89.844
1641437289.127,21.973,17.090,204.102,146.484,114.746
1641437289.131,29.297,21.973,228.516,180.664,136.230
1641437289.135,0.488,19.531,235.840,92.285,123.047
1641437289.151,-8.301,18.066,153.320,24.902,79.590
1641437289.155,19.043,16.113,83.008,83.984,62.988
1641437289.159,32.715,7.812,165.527,143.066,100.098
1641437289.163,9.766,15.625,240.723,77.637,172.852
1641437289.167,-10.742,24.902,150.879,-8.789,183.594
1641437289.171,10.742,23.926,-245.605,4.883,96.191
1641437289.175,34.668,21.484,-245.605,71.289,102.539
1641437289.178,15.625,26.367,164.062,41.504,159.180
1641437289.182,-9.277,27.832,59.082,-59.082,105.469
1641437289.186,5.371,25.879,-151.367,-52.246,70.312
1641437289.190,27.832,26.367,-74.707,34.668,82.520
1641437289.194,22.949,20.508,125.977,57.129,124.023
1641437289.196,-5.371,14.160,75.195,-22.949,130.371
1641437289.200,-11.719,16.602,-147.949,-46.875,135.742
1641437289.204,22.461,24.902,12.207,50.293,143.555
1641437289.208,33.691,26.855,320.801,104.492,131.836
1641437289.212,-2.930,25.391,235.840,31.738,120.117
1641437289.216,-13.184,28.809,-20.020,-22.949,96.191
1641437289.220,21.484,33.691,-114.746,45.898,95.215
1641437289.223,45.410,34.180,205.566,137.207,154.785
1641437289.227,24.902,29.297,274.902,108.398,131.348
1641437289.231,0.977,21.973,-204.102,31.738,24.902
1641437289.235,20.996,19.043,-159.668,64.453,-3.906
1641437289.239,54.688,22.461,212.402,159.668,72.266
1641437289.242,50.293,28.809,291.992,156.738,121.582
1641437289.246,18.555,32.227,25.879,71.289,84.961
1641437289.250,20.996,28.809,-81.543,73.730,90.820
1641437289.254,50.293,24.902,189.453,159.180,135.254
1641437289.258,47.363,25.391,162.109,174.805,148.438
1641437289.262,9.766,24.902,-105.957,67.871,121.094
1641437289.266,2.930,24.414,-179.199,9.766,116.211
1641437289.269,33.203,20.020,7.324,83.984,115.234
1641437289.273,44.434,19.531,-27.832,137.695,123.047
1641437289.277,10.254,21.484,-290.039,58.594,131.836
1641437289.281,-8.789,21.973,-136.230,-20.996,103.516
1641437289.285,15.625,22.949,-19.043,23.438,126.953
1641437289.286,35.645,20.996,17.578,106.445,183.594
1641437289.290,14.160,21.484,51.758,85.938,193.848
1641437289.294,-17.090,19.531,-59.570,14.160,153.320
1641437289.298,11.230,14.160,-196.777,50.293,122.559
1641437289.302,47.363,21.973,-249.512,138.184,140.625
1641437289.306,15.625,29.297,-259.277,118.652,119.629
1641437289.310,-15.137,28.809,-342.773,20.020,102.051
1641437289.313,8.789,27.832,-532.715,14.648,82.520
1641437289.317,43.945,24.902,-712.402,88.867,91.797
1641437289.321,53.711,21.484,-441.895,127.930,169.434
1641437289.325,25.391,17.090,-336.914,51.270,156.738
1641437289.329,17.090,13.672,-667.969,-3.418,78.125
1641437289.331,45.410,17.090,-683.105,67.871,59.570
1641437289.335,62.988,23.438,-332.031,122.559,124.023
1641437289.339,43.457,24.414,-224.609,51.270,146.973
1641437289.343,23.438,26.367,-593.262,-15.625,45.410
1641437289.347,44.922,24.414,-750.488,41.504,-16.113
1641437289.351,68.359,21.973,-407.227,135.254,60.059
1641437289.355,44.434,24.902,-227.539,103.516,92.773
1641437289.358,8.301,28.809,-483.887,3.418,49.316
1641437289.362,20.508,21.484,-771.973,12.207,0.000
1641437289.366,50.293,17.090,-294.922,100.586,26.855
1641437289.370,42.969,20.996,84.961,120.605,95.215
1641437289.374,11.230,19.531,-121.582,17.578,71.777
1641437289.377,16.113,20.508,-208.496,-14.160,63.477
1641437289.381,51.758,22.949,-10.742,84.473,126.465
1641437289.385,52.734,21.484,94.727,126.953,107.910
1641437289.389,11.230,22.949,-36.133,44.922,73.730
1641437289.393,4.395,21.484,-93.262,-6.836,87.402
1641437289.397,40.527,19.043,-145.508,66.895,54.688
1641437289.401,56.152,16.113,-19.043,145.508,81.055
1641437289.404,29.297,7.812,-144.531,74.707,76.660
1641437289.408,5.371,14.648,-192.383,-15.137,52.246
1641437289.412,25.879,20.020,-2.930,19.531,41.992
1641437289.416,55.176,20.996,-111.816,100.098,54.199
1641437289.420,45.898,28.809,-77.148,88.379,108.398
1641437289.421,21.973,27.344,18.555,2.441,96.680
1641437289.425,29.297,19.043,-8.301,2.930,39.551
1641437289.429,57.129,18.066,15.137,92.285,20.508
1641437289.433,60.059,21.973,135.742,115.234,58.105
1641437289.437,21.973,20.508,151.855,14.648,74.707
1641437289.441,13.184,17.090,-87.891,-25.391,28.320
1641437289.445,42.480,13.184,-312.500,50.781,25.879
1641437289.448,56.152,15.137,-215.332,90.332,76.172
1641437289.452,20.996,18.555,87.402,9.766,71.289
1641437289.456,-2.930,19.531,44.434,-59.082,47.852
1641437289.460,26.367,23.438,-22.949,-1.465,87.402
1641437289.464,54.199,24.902,253.906,77.637,143.555
1641437289.467,35.645,20.996,305.664,33.203,100.586
1641437289.471,6.836,18.066,51.758,-54.199,31.250
1641437289.475,19.043,21.973,-50.781,-32.227,-4.883
1641437289.479,50.293,22.461,157.715,54.688,13.184
1641437289.483,43.457,20.508,349.121,54.199,43.945
1641437289.487,13.672,26.367,68.848,-36.621,29.297
1641437289.491,15.137,25.391,-319.824,-42.480,-36.621
1641437289.494,48.340,26.367,-69.824,50.781,-38.086
1641437289.498,54.199,32.227,307.617,77.637,21.484
1641437289.502,12.695,25.391,96.191,-13.184,8.789
1641437289.506,3.906,20.508,-96.680,-58.105,-18.555
1641437289.510,37.598,17.578,55.664,20.996,46.875
1641437289.541,49.805,12.695,232.422,82.031,115.234
1641437289.545,22.461,11.719,20.996,14.648,54.688
1641437289.549,7.324,19.043,-211.426,-54.199,44.434
1641437289.553,27.344,26.367,-257.812,-2.930,84.473
1641437289.557,48.340,33.691,-153.320,81.055,99.121
1641437289.561,28.809,25.391,-291.016,39.551,69.824
1641437289.565,0.977,18.066,-703.613,-57.617,8.789
1641437289.568,23.438,25.391,-428.711,-43.457,32.227
1641437289.572,58.594,27.344,-52.246,45.898,73.730
1641437289.576,46.875,21.973,-65.918,58.594,82.031
1641437289.580,21.484,20.508,-187.500,-27.344,44.922
1641437289.584,24.414,26.367,-228.027,-45.898,22.949
1641437289.572,52.246,32.227,-107.422,36.621,42.969
1641437289.576,62.500,35.156,-21.973,78.613,32.227
1641437289.580,23.438,30.762,-80.078,3.418,42.969
1641437289.584,1.465,24.902,-159.180,-39.551,56.641
1641437289.588,31.250,24.414,-168.945,42.969,64.941
1641437289.592,45.898,22.949,-115.723,102.539,100.586
1641437289.596,18.555,22.461,-79.590,44.434,123.535
1641437289.599,5.371,20.020,-165.527,-22.949,103.027
1641437289.603,26.855,11.719,-258.301,17.578,52.246
1641437289.607,51.270,14.648,-72.754,107.422,97.656
1641437289.611,34.668,20.020,103.027,81.543,141.602
1641437289.615,0.977,18.066,-2.441,-14.160,74.707
1641437289.617,8.301,17.578,-168.945,-6.836,16.113
1641437289.621,42.969,20.996,-460.938,78.125,27.344
1641437289.625,51.270,26.855,-210.938,103.027,62.988
1641437289.629,21.973,24.902,38.086,13.184,60.059
1641437289.633,21.484,17.578,-183.594,-20.508,53.711
1641437289.637,48.340,11.719,-212.891,62.012,26.367
1641437289.641,57.617,11.230,-103.516,105.957,27.344
1641437289.644,26.367,12.695,-71.289,30.762,27.344
1641437289.648,8.301,13.672,-384.277,-39.062,10.254
1641437289.652,31.250,17.090,-533.203,11.230,33.691
1641437289.656,57.129,24.414,-67.383,85.449,83.008
1641437289.660,38.574,27.832,67.871,38.086,135.742
1641437289.654,5.859,22.461,-166.992,-57.129,102.051
1641437289.658,28.320,20.020,-167.480,-32.715,58.594
1641437289.662,55.664,21.973,144.043,58.594,87.402
1641437289.666,34.668,21.484,149.902,45.410,94.727
1641437289.670,6.348,15.625,-67.383,-45.410,70.801
1641437289.674,13.672,10.254,-181.641,-47.852,41.992
1641437289.678,38.574,17.578,-86.426,41.992,54.199
1641437289.681,36.133,23.438,139.160,67.871,80.078
1641437289.685,2.441,21.484,-248.535,-21.973,79.102
1641437289.689,1.465,20.996,-382.324,-53.711,39.551
1641437289.693,30.273,20.020,76.660,34.668,57.129
1641437289.697,38.086,21.973,202.637,97.168,110.352
1641437289.707,12.695,21.973,-16.113,43.945,73.730
1641437289.711,-2.441,14.648,-187.500,-4.395,25.879
1641437289.715,23.926,11.230,-104.980,53.711,55.176
1641437289.719,46.387,18.555,9.766,135.254,113.281
1641437289.723,23.926,21.973,-196.289,100.586,81.055
1641437289.727,-2.441,21.973,-468.262,11.719,19.043
1641437289.731,13.672,18.066,-232.910,28.809,24.902
1641437289.734,42.969,17.578,-3.418,108.887,46.387
1641437289.738,36.133,25.391,74.219,99.609,53.711
1641437289.742,0.488,23.926,283.203,8.301,47.852
1641437289.746,1.953,24.902,296.387,-0.977,43.457
1641437289.750,39.551,29.785,325.684,83.984,87.891
1641437289.751,42.969,24.414,410.645,112.793,88.379
1641437289.755,11.230,18.555,453.613,22.949,86.426
1641437289.759,5.371,18.066,205.566,-41.016,47.852
1641437289.763,39.062,22.949,53.223,28.320,0.977
1641437289.767,49.805,26.855,378.906,88.867,56.641
1641437289.771,14.648,21.973,375.488,-6.836,84.473
1641437289.775,-3.418,18.066,69.824,-91.797,41.992
1641437289.778,17.578,18.555,-200.684,-43.945,-17.578
1641437289.782,36.621,23.438,44.922,34.180,-13.672
1641437289.786,20.508,23.926,393.555,15.625,0.000
1641437289.790,-8.789,20.020,121.582,-59.082,-25.391
1641437289.794,5.859,17.090,15.137,-37.598,0.977
1641437289.797,36.621,18.066,255.859,62.988,53.711
1641437289.801,28.809,21.484,383.301,89.844,87.402
1641437289.805,-1.953,20.508,185.547,3.418,14.160
1641437289.809,4.883,21.484,12.695,-15.625,-15.137
1641437289.813,39.551,21.484,124.023,67.871,25.391
1641437289.817,43.945,22.461,155.762,107.910,41.992
1641437289.821,5.859,22.949,-138.672,33.203,69.824
1641437289.824,-4.883,24.414,-463.379,-22.461,36.621
1641437289.828,29.785,23.926,-159.668,55.176,36.621
1641437289.832,47.852,16.602,251.953,122.070,62.012
1641437289.836,19.531,19.531,209.473,55.176,53.223
1641437289.840,0.000,22.461,20.508,-14.160,-4.883
1641437289.841,24.414,20.508,37.109,31.250,-14.648
1641437289.845,48.340,22.949,163.574,114.746,35.156
1641437289.849,37.598,32.715,162.598,84.961,41.504
1641437289.853,15.625,38.574,24.902,-14.160,2.441
1641437289.857,26.855,32.227,-33.691,-7.812,-24.902
1641437289.861,55.176,26.367,-59.082,70.801,11.230
1641437289.865,51.758,19.531,-273.438,79.102,16.113
1641437289.868,15.137,17.090,-244.629,-26.367,-15.137
1641437289.872,15.625,24.902,-119.629,-63.477,-7.324
1641437289.876,50.781,31.250,-204.590,28.809,-30.273
1641437289.880,50.781,28.809,-131.348,73.730,-17.090
1641437289.884,10.254,29.785,31.738,4.883,32.227
1641437289.901,-7.812,27.344,13.184,-51.270,17.090
1641437289.905,20.508,18.066,-24.902,17.090,21.973
1641437289.909,42.969,14.648,67.871,103.516,35.645
1641437289.913,19.043,17.090,149.902,57.129,31.250
1641437289.917,-5.859,13.184,68.359,-9.766,26.367
1641437289.921,16.602,16.113,-76.660,32.227,22.949
1641437289.925,52.734,22.949,47.363,123.047,42.969
1641437289.928,46.875,20.508,283.203,123.047,93.750
1641437289.932,12.695,21.973,191.895,36.621,68.359
1641437289.936,15.625,22.461,-139.160,32.715,36.133
1641437289.940,42.480,19.531,-180.176,112.305,79.102
1641437289.944,46.387,24.414,160.156,138.184,125.000
1641437289.946,17.090,25.879,179.199,54.199,125.488
1641437289.950,14.648,24.414,-114.746,12.207,70.801
1641437289.954,49.805,19.043,-72.266,92.285,32.227
1641437289.958,59.570,12.207,217.773,145.020,102.051
1641437289.962,24.902,13.672,123.047,68.848,111.816
1641437289.966,1.953,15.625,-194.336,0.000,10.742
1641437289.970,18.555,17.578,-275.391,57.129,-3.418
1641437289.973,39.551,27.344,-48.828,132.812,18.066
1641437289.977,20.508,32.715,38.086,98.633,6.348
1641437289.981,-13.184,20.020,-359.375,12.695,-14.160
1641437289.985,-3.906,13.672,-327.637,20.996,-13.672
1641437289.989,26.855,14.160,69.336,104.980,44.434
1641437289.992,23.438,8.789,143.066,105.469,88.379
1641437289.996,-5.859,11.230,-69.824,6.836,83.008
1641437290.000,-3.418,13.672,-223.633,-11.719,54.199
1641437290.004,33.203,16.113,31.250,82.031,86.914
1641437290.008,43.945,18.555,21.484,117.188,106.934
1641437290.012,13.672,20.996,-279.785,17.090,68.848
1641437290.016,13.672,23.926,-350.586,-36.133,14.160
1641437290.019,43.457,26.855,-122.070,36.621,11.230
1641437290.023,58.594,28.320,-61.523,102.051,42.969
1641437290.027,37.598,24.414,-310.059,37.598,3.906
1641437290.031,18.555,31.250,-216.797,-39.062,17.578
1641437290.035,40.039,31.738,-107.910,16.113,49.805
1641437290.051,57.129,25.879,-24.902,106.445,76.660
1641437290.055,37.598,27.344,5.859,79.102,88.867
1641437290.059,11.230,31.250,-57.129,-11.230,39.551
1641437290.063,23.438,29.785,-57.617,-1.465,10.742
1641437290.067,52.246,29.785,-66.895,77.148,5.371
1641437290.071,38.086,31.250,-102.539,79.590,16.602
1641437290.075,5.859,22.949,-189.941,-21.484,-0.977
1641437290.078,6.348,18.066,-247.559,-47.852,-37.598
1641437290.082,31.250,20.020,-471.191,25.879,-67.871
1641437290.086,36.621,24.414,-330.566,61.035,-53.711
1641437290.090,6.348,26.367,29.785,-0.488,6.348
1641437290.094,-5.371,25.879,-191.406,-50.293,-13.184
1641437290.127,21.973,26.367,-174.805,13.184,-18.555
1641437290.131,41.992,26.367,86.914,66.895,29.297
1641437290.135,19.531,29.297,63.477,12.695,32.715
1641437290.139,7.324,28.809,-175.781,-47.852,-32.227
1641437290.143,25.391,21.973,-211.426,-8.789,-61.523
1641437290.147,36.621,24.902,31.250,81.543,58.105
1641437290.151,23.438,26.367,-12.695,62.012,86.914
1641437290.154,-1.465,15.137,-233.398,-36.621,26.367
1641437290.158,13.184,20.508,-123.535,-23.438,36.621
1641437290.162,46.875,32.227,128.418,70.801,67.383
1641437290.166,43.457,28.809,278.320,78.613,64.941
1641437290.170,4.395,22.949,-125.000,-28.809,22.949
1641437290.131,-3.418,21.973,-499.512,-69.336,-27.832
1641437290.135,22.461,22.949,-78.613,18.555,-24.414
1641437290.139,30.273,19.531,172.852,72.754,-0.488
1641437290.143,3.418,13.672,41.504,9.766,6.348
1641437290.147,-10.254,19.043,8.789,-47.852,28.320
1641437290.151,17.578,26.855,-4.883,13.672,37.598
1641437290.155,36.133,28.809,4.395,98.633,32.715
1641437290.158,9.766,25.879,17.090,45.898,11.719
1641437290.162,-9.277,24.902,53.711,-38.086,48.340
1641437290.166,9.766,22.949,94.727,-12.207,83.496
1641437290.170,37.109,22.461,63.965,71.289,79.590
1641437290.174,40.039,26.367,67.871,73.242,84.961
1641437290.172,18.066,20.508,50.781,-19.531,45.898
1641437290.176,25.391,19.531,20.020,-18.555,35.645
1641437290.180,55.664,25.391,17.090,78.613,61.035
1641437290.184,57.617,26.855,125.488,107.910,81.543
1641437290.188,22.949,27.344,189.941,17.090,77.637
1641437290.192,15.137,30.273,-51.270,-25.391,54.199
1641437290.196,41.992,28.809,-201.172,54.688,74.707
1641437290.199,52.246,20.996,-368.164,96.191,83.984
1641437290.203,27.832,21.484,-367.676,25.879,79.590
1641437290.207,9.766,28.320,-144.043,-44.434,63.965
1641437290.211,28.809,25.391,-38.086,-1.953,64.453
1641437290.215,55.664,27.832,117.188,83.008,95.215
1641437290.217,28.320,29.785,186.523,33.203,93.262
1641437290.221,-7.812,24.902,-110.352,-60.059,86.426
1641437290.225,9.277,28.320,-324.219,-25.391,77.637
1641437290.229,39.062,32.227,-53.711,64.453,82.520
1641437290.233,25.879,25.879,161.621,58.105,120.117
1641437290.237,-6.348,16.602,-117.188,-35.156,99.609
1641437290.241,-2.441,14.160,-512.695,-51.758,39.062
1641437290.244,30.762,20.508,-265.625,33.691,40.039
1641437290.248,36.133,26.855,196.289,72.266,84.961
1641437290.252,0.488,25.879,22.461,-15.137,56.152
1641437290.256,-3.906,25.879,-217.285,-63.965,9.277
1641437290.260,34.668,30.762,-78.125,18.066,-13.672
1641437290.277,52.734,29.785,146.484,95.215,48.340
1641437290.281,28.320,22.949,32.715,38.574,53.223
1641437290.285,11.230,21.484,-89.355,-23.438,33.203
1641437290.289,35.156,19.043,-88.867,30.762,-1.465
1641437290.293,59.082,20.020,2.930,104.492,14.160
1641437290.297,41.992,27.344,-75.684,75.684,51.270
1641437290.301,6.348,29.785,-485.352,-19.043,-6.836
1641437290.304,15.137,25.879,-253.418,-12.207,-2.441
1641437290.308,51.270,25.391,131.348,82.031,34.180
1641437290.312,40.039,22.949,153.320,89.355,70.801
1641437290.316,-1.465,24.414,103.516,-6.836,93.750
1641437290.320,-1.953,27.832,67.871,-23.438,48.340
1641437290.322,27.344,17.090,118.652,61.035,63.477
1641437290.326,33.203,12.207,182.129,100.098,104.980
1641437290.330,-2.441,19.531,151.855,25.879,80.078
1641437290.334,-14.160,25.391,136.230,-28.320,74.707
1641437290.338,16.602,24.902,127.441,30.762,36.621
1641437290.342,33.203,16.113,143.555,85.938,17.090
1641437290.346,12.207,13.184,54.688,23.926,-5.371
1641437290.349,-5.859,16.602,-125.000,-48.828,-72.754
1641437290.353,11.719,17.090,-20.508,-10.742,-79.590
1641437290.357,41.504,23.438,-102.539,78.125,-38.086
1641437290.361,35.645,24.902,13.672,65.430,43.457
1641437290.365,10.254,16.602,346.680,-24.902,69.824
1641437290.367,16.113,20.508,168.945,-3.418,24.414
1641437290.371,51.270,31.250,245.605,99.121,68.359
1641437290.375,58.105,35.156,501.953,125.000,134.277
1641437290.379,27.344,33.691,429.199,39.551,127.930
1641437290.383,26.855,28.809,247.070,25.391,130.859
1641437290.387,58.594,25.391,236.816,127.930,122.559
1641437290.391,66.406,26.855,334.473,187.012,126.953
1641437290.394,31.250,27.344,442.383,132.812,104.980
1641437290.398,18.066,30.273,149.902,75.684,40.039
1641437290.402,44.434,25.879,-119.629,141.602,62.012
1641437290.406,60.059,25.879,337.402,230.469,113.770
1641437290.410,38.086,33.691,499.023,193.359,130.371
1641437290.411,11.230,32.227,191.895,109.863,123.535
1641437290.415,27.344,31.250,171.875,132.324,161.621
1641437290.419,53.711,28.320,406.738,207.520,199.707
1641437290.423,36.621,27.344,444.336,186.035,176.270
1641437290.427,0.000,28.809,212.891,71.289,161.621
1641437290.431,7.812,32.227,9.277,43.457,163.086
1641437290.435,43.457,39.062,155.762,112.305,184.082
1641437290.438,46.387,33.203,389.160,123.535,170.898
1641437290.442,11.230,22.461,-83.008,7.812,89.355
1641437290.446,6.836,30.273,-189.453,-66.406,87.891
1641437290.450,38.574,32.715,259.277,-6.836,92.773
1641437290.454,45.410,30.762,297.852,26.855,62.012
1641437290.472,23.438,33.203,166.016,-48.340,70.801
1641437290.476,10.254,28.320,141.113,-109.375,93.750
1641437290.480,33.203,29.785,251.953,-45.410,83.496
1641437290.484,63.965,35.645,186.035,41.504,66.406
1641437290.488,41.016,32.227,98.145,14.648,99.609
1641437290.492,3.906,27.344,28.320,-67.871,67.383
1641437290.496,14.648,19.043,-31.250,-50.781,53.223
1641437290.499,41.504,16.602,-1.953,43.457,114.746
1641437290.503,41.504,28.809,-88.867,39.062,90.332
1641437290.507,14.160,34.668,79.102,-63.965,108.887
1641437290.511,7.324,30.762,91.797,-95.215,114.746
1641437290.515,38.574,28.320,-25.879,-24.902,69.336
1641437290.501,41.504,25.879,34.668,-2.930,74.219
1641437290.505,1.465,22.461,-33.691,-90.332,38.574
1641437290.509,-11.230,20.508,-265.625,-124.512,43.457
1641437290.513,18.066,21.484,-429.199,-55.176,43.945
1641437290.517,41.504,30.762,-264.648,2.441,4.883
1641437290.521,19.043,34.668,-310.547,-46.387,30.273
1641437290.525,-3.418,25.391,-736.816,-125.977,-18.066
1641437290.528,13.672,21.484,-769.043,-87.891,-41.992
1641437290.532,38.086,27.344,-343.262,15.137,9.766
1641437290.536,25.879,26.855,-135.742,1.953,50.781
1641437290.540,0.488,27.344,-397.461,-74.219,38.086
1641437290.544,6.348,30.273,-735.352,-53.711,-20.020
1641437290.546,24.414,31.738,-460.449,22.949,8.301
1641437290.550,25.879,32.227,-137.207,41.016,38.574
1641437290.554,-5.859,29.297,-359.375,-47.363,1.465
1641437290.558,-11.230,26.367,-503.906,-72.754,-56.641
1641437290.562,21.973,28.809,-316.406,25.391,-62.988
1641437290.566,33.203,27.832,-279.785,78.613,-34.668
1641437290.570,3.906,20.996,-564.941,-1.465,-28.809
1641437290.573,-3.906,21.484,-848.633,-57.129,-92.285
1641437290.577,27.832,25.879,-453.613,25.391,-55.176
1641437290.581,48.828,30.762,-28.809,97.168,7.812
1641437290.585,33.203,35.156,-113.281,46.875,30.273
1641437290.589,10.742,32.227,-227.539,-21.484,42.480
1641437290.607,26.367,31.250,-193.848,5.371,-17.090
1641437290.611,50.781,32.227,-84.961,90.820,-12.207
1641437290.615,35.156,30.273,-52.246,74.707,56.641
1641437290.619,4.395,23.926,-119.141,-24.902,40.527
1641437290.623,13.672,15.137,-212.891,-20.020,-37.598
1641437290.627,51.270,20.508,-280.273,80.078,-72.266
1641437290.631,46.387,27.344,-400.391,99.609,-44.922
1641437290.634,3.418,26.855,-324.219,-0.977,-51.270
1641437290.638,2.441,28.320,-146.484,-26.855,-66.895
1641437290.642,27.344,25.391,-125.977,58.105,-78.613
1641437290.646,27.344,28.320,-35.156,92.773,-93.750
1641437290.650,-2.441,30.273,149.902,15.137,-25.879
1641437290.651,-14.648,15.625,148.438,-54.688,-1.953
1641437290.655,13.184,14.160,-32.227,2.930,-42.480
1641437290.659,35.156,20.996,8.301,91.309,-57.617
1641437290.663,18.066,23.438,154.785,47.852,-59.570
1641437290.667,0.488,29.297,53.223,-30.273,-105.469
1641437290.671,18.066,29.785,-121.094,-5.859,-80.566
1641437290.675,48.340,31.250,-24.902,69.824,-19.531
1641437290.678,41.504,32.715,234.375,75.195,13.672
1641437290.682,3.906,28.320,216.309,-16.113,-9.277
1641437290.686,4.883,22.461,-193.848,-33.203,-36.133
1641437290.690,37.109,19.043,-293.457,55.176,-33.203
1641437290.694,40.039,20.508,58.105,87.402,4.883
1641437290.696,4.395,25.879,79.102,5.371,20.996
1641437290.700,-5.859,27.832,-182.129,-36.133,-26.367
1641437290.704,24.414,24.414,-175.293,41.504,-41.016
1641437290.708,39.551,25.879,133.789,86.914,-6.348
1641437290.712,6.348,23.438,86.426,7.324,-13.672
1641437290.716,-13.184,19.043,-214.844,-57.129,-58.594
1641437290.720,12.695,20.996,-286.621,-10.254,-50.293
1641437290.723,31.250,15.137,8.301,65.918,-1.953
1641437290.727,16.113,2.930,108.887,36.133,-22.461
1641437290.731,-4.883,5.371,-347.656,-49.805,-96.680
1641437290.735,4.395,19.043,-276.855,-25.879,-68.848
1641437290.739,39.062,22.949,108.398,74.219,-44.434
1641437290.742,40.527,23.926,99.609,91.797,-41.992
1641437290.746,6.836,24.414,-60.547,-5.859,-25.391
1641437290.750,6.836,23.438,-142.090,-28.320,-20.996
1641437290.754,39.062,21.973,95.703,67.383,22.949
1641437290.758,48.340,20.508,74.219,108.887,-6.348
1641437290.762,20.508,23.926,-195.801,26.855,-25.879
1641437290.766,13.672,21.973,-239.258,-22.461,-19.043
1641437290.769,37.598,25.391,-10.742,52.734,-9.766
1641437290.773,43.457,29.297,-20.020,113.770,62.012
1641437290.777,17.090,26.855,-207.031,49.805,101.562
1641437290.781,0.977,28.809,8.789,-23.438,81.543
1641437290.785,23.926,25.879,65.430,23.438,25.879
1641437290.786,51.758,23.438,83.984,111.328,10.254
1641437290.790,38.574,27.832,193.359,96.191,66.406
1641437290.794,7.812,32.227,111.816,6.348,72.266
1641437290.798,22.461,33.691,14.160,13.672,40.527
1641437290.802,59.570,25.391,44.922,102.539,61.523
1641437290.806,49.316,21.973,43.457,108.398,67.871
1641437290.810,18.555,31.250,-86.914,15.137,17.090
1641437290.813,27.344,37.109,-194.824,-1.953,11.719
1641437290.817,57.129,32.715,-386.719,83.008,24.414
1641437290.821,51.758,30.273,-238.281,119.629,79.102
1641437290.825,18.555,31.250,127.930,42.480,143.066
1641437290.829,7.324,25.879,-4.883,-16.113,131.348
1641437290.831,25.879,19.531,-58.105,35.156,88.379
1641437290.835,36.621,21.484,179.688,97.656,101.074
1641437290.839,12.695,22.461,212.402,46.387,78.613
1641437290.843,-2.930,21.484,-73.242,-32.227,46.875
1641437290.847,22.461,24.414,-100.586,0.000,63.477
1641437290.851,41.016,25.879,55.176,78.613,90.820
1641437290.855,20.020,30.273,111.328,50.293,112.793
1641437290.858,-6.348,34.180,-76.172,-46.387,65.918
1641437290.862,2.441,22.949,-198.730,-43.945,5.859
1641437290.866,35.156,14.160,76.172,49.316,19.531
1641437290.870,40.527,20.020,295.410,83.496,52.734
1641437290.874,16.113,23.926,-51.270,-0.488,14.648
1641437290.877,17.578,25.391,-303.711,-28.809,6.348
1641437290.881,52.246,25.879,168.457,66.406,68.359
1641437290.885,66.406,22.461,370.605,119.629,109.375
1641437290.889,37.598,21.973,279.297,46.875,99.121
1641437290.893,24.414,25.879,213.379,-16.113,78.613
1641437290.897,47.363,27.832,97.168,33.691,56.152
1641437290.901,69.824,27.832,170.410,113.770,64.453
1641437290.904,40.039,21.973,31.250,65.918,60.059
1641437290.908,3.906,20.996,-20.020,-26.855,29.297
1641437290.912,21.484,26.367,238.770,-7.324,36.621
1641437290.916,41.504,21.484,203.613,72.754,46.387
1641437290.920,23.926,16.113,238.281,63.965,63.477
1641437290.921,-12.695,15.137,287.109,-41.992,29.297
1641437290.925,-12.695,18.066,219.238,-54.199,0.488
1641437290.929,21.973,15.137,189.941,23.438,9.766
1641437290.933,25.879,12.695,256.348,45.898,25.879
1641437290.937,-13.672,19.043,215.332,-42.969,16.602
1641437290.941,-22.461,22.949,-75.684,-97.168,-23.926
1641437290.945,13.184,26.367,-111.328,-10.254,51.270
1641437290.948,25.879,24.414,125.977,47.363,88.867
1641437290.952,-7.324,18.066,120.117,-19.531,42.969
1641437290.956,-23.438,14.160,16.602,-73.242,22.461
1641437290.960,7.812,11.230,-208.984,-27.832,-14.648
1641437290.964,36.621,15.625,-178.223,55.176,16.113
1641437290.967,23.926,21.973,203.125,37.109,79.102
1641437290.971,-2.441,20.020,-59.570,-49.316,28.320
1641437290.975,9.277,21.973,-310.547,-26.367,-0.977
1641437290.979,44.922,23.926,-54.688,73.730,41.992
1641437290.983,39.062,23.438,186.035,84.473,85.938
1641437290.987,2.441,20.508,-77.637,-21.484,71.289
1641437290.991,9.277,22.461,-538.574,-47.363,-15.625
1641437290.994,42.969,27.832,-341.797,44.434,-64.941
1641437290.998,46.875,29.297,99.609,84.961,5.859
1641437291.002,15.137,26.367,-76.172,0.000,30.762
1641437291.006,5.859,16.113,-307.129,-62.500,-20.020
1641437291.010,38.574,17.578,-168.945,0.000,-23.438
1641437291.026,60.059,29.297,57.617,67.871,-3.418
1641437291.030,30.273,32.715,-25.879,9.277,21.484
1641437291.034,2.441,34.668,-203.613,-68.848,26.367
1641437291.038,26.855,43.457,-166.992,-30.762,40.527
1641437291.042,50.781,47.363,-80.566,43.457,17.090
1641437291.046,25.879,40.039,-246.094,4.883,-9.766
1641437291.050,-2.930,33.691,-665.039,-103.516,-48.340
1641437291.053,7.324,32.227,-434.570,-111.328,-18.555
1641437291.057,36.621,32.227,-55.176,-44.434,30.273
1641437291.061,38.574,26.855,-39.551,-51.270,8.789
1641437291.065,3.418,21.484,-149.902,-161.133,-2.441
1641437291.069,3.906,27.832,-229.004,-194.336,-56.641
1641437291.071,39.551,33.691,-140.137,-102.051,-63.477
1641437291.075,49.805,38.574,-84.961,-54.688,-62.012
1641437291.079,22.949,37.109,-105.957,-134.277,-60.547
1641437291.083,7.812,34.180,-118.164,-195.801,-48.828
1641437291.087,33.203,35.645,-180.664,-134.277,-78.125
1641437291.091,55.176,36.133,-212.402,-64.453,-53.711
1641437291.095,32.227,37.598,-285.645,-132.324,-40.527
1641437291.098,9.277,36.133,-450.684,-225.586,-103.516
1641437291.102,25.879,33.203,-379.883,-189.941,-81.055
1641437291.106,48.340,24.414,-510.742,-100.586,-86.426
1641437291.110,31.738,22.949,-462.402,-93.262,-101.562
1641437291.114,0.977,32.227,-202.148,-148.438,-85.938
1641437291.116,11.719,32.227,-324.707,-109.375,-80.566
1641437291.120,41.504,30.273,-208.496,19.043,-47.363
1641437291.124,39.551,30.273,59.570,78.613,-9.277
1641437291.128,7.812,28.809,-54.688,21.973,-27.344
1641437291.132,-1.465,25.391,-315.430,20.020,-57.617
1641437291.136,30.762,26.855,-259.766,158.203,6.348
1641437291.140,45.410,29.297,-112.305,253.906,46.387
1641437291.143,10.254,27.344,-24.414,209.473,45.898
1641437291.147,-9.766,29.785,-259.277,163.574,0.488
1641437291.151,14.648,34.180,-479.004,241.211,-19.043
1641437291.155,37.109,27.832,45.410,348.633,95.703
1641437291.159,20.508,25.391,274.902,322.754,109.375
1641437291.161,-8.789,31.738,-99.609,226.074,19.531
1641437291.165,2.441,34.180,-148.438,213.867,30.762
1641437291.169,35.156,28.320,143.555,269.531,82.031
1641437291.173,29.785,27.832,157.227,244.629,60.059
1641437291.177,-6.348,27.832,-122.070,120.117,-9.277
1641437291.181,-6.836,21.484,-342.773,67.871,-17.090
1641437291.185,23.926,22.461,-267.578,111.328,46.387
1641437291.188,29.785,28.320,-114.746,124.512,71.289
1641437291.192,-0.488,19.531,-469.727,27.344,15.137
1641437291.196,-9.277,14.160,-535.156,-33.691,2.930
1641437291.200,24.902,26.855,-215.820,37.598,58.594
1641437291.204,46.387,35.645,-212.402,87.402,101.074
1641437291.208,27.832,38.574,-325.195,22.461,107.422
1641437291.212,20.996,35.645,-329.590,-36.133,86.426
1641437291.216,46.875,36.621,-190.918,20.996,103.516
1641437291.220,71.289,37.598,-219.727,109.375,92.773
1641437291.224,50.293,31.250,-281.250,76.172,57.617
1641437291.228,20.508,29.785,-363.281,-10.254,60.059
1641437291.232,28.320,29.297,-370.605,15.137,75.195
1641437291.235,46.875,21.484,-311.035,95.215,44.434
1641437291.239,40.527,18.555,-332.031,88.867,21.484
1641437291.243,7.324,23.438,-207.520,-23.926,29.785
1641437291.247,0.977,24.902,-256.836,-64.453,1.953
1641437291.251,24.902,23.926,-236.328,20.996,0.488
1641437291.251,28.320,21.973,-76.660,52.246,12.207
1641437291.255,0.977,21.484,-112.793,-35.645,25.391
1641437291.259,-3.906,22.949,-352.051,-85.449,-25.391
1641437291.263,21.484,21.973,-373.535,1.465,-6.836
1641437291.267,34.668,23.438,-111.328,84.473,78.613
1641437291.271,13.672,31.250,-134.766,36.621,80.078
1641437291.275,-4.883,28.320,-385.254,-32.227,42.969
1641437291.278,17.090,21.484,-647.461,7.812,-11.230
1641437291.282,45.898,31.250,-509.277,101.562,-29.297
1641437291.286,29.785,37.109,-27.832,95.215,30.273
1641437291.290,2.930,35.645,-92.285,13.184,61.523
1641437291.294,19.043,38.086,-232.910,20.996,25.391
1641437291.296,48.828,36.133,-6.348,102.051,43.945
1641437291.300,44.434,35.156,140.625,117.676,118.164
1641437291.304,13.184,35.645,-82.520,30.762,64.941
1641437291.308,14.160,37.598,-191.406,-4.883,17.090
1641437291.312,46.387,37.598,-13.672,72.754,104.492
1641437291.316,54.199,27.832,18.066,107.422,84.473
1641437291.320,21.484,23.438,-266.113,19.531,-1.465
1641437291.323,5.859,30.762,-634.277,-48.340,-24.414
1641437291.327,27.832,37.598,-301.758,20.020,59.082
1641437291.331,47.852,36.133,153.320,99.609,89.355
1641437291.335,25.391,32.715,77.637,42.480,29.785
1641437291.339,0.000,31.250,-96.680,-41.504,-12.207
1641437291.341,19.043,37.109,12.207,9.277,-0.977
1641437291.345,45.898,38.574,211.914,109.863,32.227
1641437291.349,37.109,35.645,210.938,113.281,41.504
1641437291.353,10.254,32.715,166.016,35.156,48.828
1641437291.357,21.484,23.926,193.359,42.969,53.711
1641437291.361,54.688,20.996,197.754,148.926,72.266
1641437291.365,52.734,27.344,75.195,179.688,71.289
1641437291.368,16.113,33.203,214.844,89.844,84.961
1641437291.372,0.977,26.855,371.582,38.086,106.934
1641437291.376,21.973,21.484,254.395,97.168,117.676
1641437291.380,28.809,18.066,374.023,137.695,140.137
1641437291.384,-8.301,15.137,473.633,55.176,127.930
1641437291.401,-23.926,19.531,368.652,-29.785,109.375
1641437291.405,9.766,22.949,240.234,16.602,106.934
1641437291.409,31.250,21.484,350.098,104.492,145.508
1641437291.413,12.695,26.855,422.363,67.383,170.898
1641437291.417,-0.488,35.156,191.406,-23.926,136.230
1641437291.421,22.949,33.203,-184.082,-14.648,94.238
1641437291.425,56.152,35.156,-218.750,63.965,58.105
1641437291.428,55.664,47.363,106.934,67.383,41.504
1641437291.432,34.180,50.781,49.316,-23.926,-4.395
1641437291.436,42.969,49.805,-243.164,-31.738,-27.344
1641437291.440,70.312,55.664,-142.578,51.270,1.953
1641437291.444,73.242,48.340,127.930,83.984,45.410
1641437291.446,40.527,38.574,47.852,4.883,50.293
1641437291.450,24.414,41.016,-194.824,-41.504,-8.789
1641437291.454,51.270,42.969,-53.223,40.527,67.383
1641437291.458,62.988,38.086,239.258,91.797,102.539
1641437291.462,28.320,35.156,114.746,19.531,1.465
1641437291.466,7.324,39.062,-129.883,-40.039,-21.973
1641437291.470,23.438,37.109,-201.172,1.953,12.207
1641437291.473,45.898,30.762,11.230,81.543,27.832
1641437291.477,29.297,29.785,141.602,47.363,49.805
1641437291.481,-3.418,31.250,-284.180,-54.688,11.719
1641437291.485,12.207,25.879,-258.301,-35.645,-14.648
1641437291.489,38.086,22.949,201.660,53.223,27.832
1641437291.492,31.250,24.902,144.531,57.129,12.695
1641437291.496,-0.977,21.484,-72.754,-45.410,17.090
1641437291.500,0.488,24.902,-178.223,-58.105,-13.672
1641437291.504,38.574,32.715,22.461,56.152,-13.672
1641437291.508,52.246,34.180,70.801,106.934,-17.578
1641437291.512,19.531,27.832,-259.766,28.320,-56.152
1641437291.516,11.230,24.414,-327.148,-20.020,-31.738
1641437291.519,43.457,24.902,-71.289,54.688,17.090
1641437291.523,59.570,22.949,-75.684,131.348,29.785
1641437291.527,35.645,18.066,-294.434,76.172,16.602
1641437291.531,10.742,19.043,-150.391,-24.902,26.855
1641437291.535,30.762,24.902,-49.805,0.977,16.113
1641437291.536,58.105,31.250,-34.668,97.168,8.789
1641437291.540,42.969,33.691,-17.090,79.590,4.395
1641437291.544,8.301,29.297,-43.945,-19.043,34.180
1641437291.548,16.602,26.855,-181.152,-20.020,41.504
1641437291.552,47.852,23.926,-180.664,64.941,5.371
1641437291.556,44.434,22.461,-109.863,88.867,36.133
1641437291.560,14.648,26.367,-238.770,3.906,44.922
1641437291.563,8.301,25.879,-378.906,-33.691,-3.418
1641437291.567,34.180,18.555,-510.742,45.410,-6.348
1641437291.571,46.875,18.066,-332.520,107.422,10.742
1641437291.575,22.461,20.020,-1.465,49.805,53.711
1641437291.579,6.348,21.973,-164.062,6.348,36.133
1641437291.582,30.273,28.320,-97.656,71.777,54.199
1641437291.586,51.270,36.133,160.645,134.766,91.309
1641437291.590,29.785,38.574,84.473,92.285,54.688
1641437291.594,5.859,34.668,-236.816,5.859,13.184
1641437291.598,18.066,33.203,-267.578,22.949,1.953
1641437291.602,47.852,36.133,-91.309,102.051,26.367
1641437291.606,43.945,39.551,-53.223,88.867,37.109
1641437291.609,13.672,39.551,-341.309,-5.859,18.066
1641437291.613,16.113,36.133,-647.949,-14.160,-25.879
1641437291.617,44.922,39.062,-210.938,74.219,10.254
1641437291.621,47.852,40.527,108.887,96.680,18.555
1641437291.625,15.137,32.227,-65.918,3.906,-18.555
1641437291.641,9.766,29.785,-227.051,-32.715,-18.066
1641437291.645,40.527,34.668,-84.961,48.828,-9.766
1641437291.649,54.199,38.086,94.238,108.887,32.715
1641437291.653,25.391,41.992,-1.465,46.875,27.832
1641437291.657,4.395,41.504,-104.492,-26.855,-21.484
1641437291.661,25.879,37.598,-122.070,20.996,-4.883
1641437291.665,47.363,38.086,10.742,113.281,59.082
1641437291.668,28.320,38.574,-154.785,77.148,5.859
1641437291.672,-1.953,38.086,-206.055,-11.230,-41.992
1641437291.676,12.695,34.668,177.734,11.230,28.809
1641437291.680,40.527,21.973,187.988,88.867,9.277
1641437291.684,26.855,16.113,165.527,89.355,1.953
1641437291.671,-3.906,24.414,269.043,-0.488,28.809
1641437291.675,0.488,27.344,222.168,-14.648,0.977
1641437291.679,30.762,27.832,237.305,74.707,35.156
1641437291.683,41.016,30.273,309.570,106.934,47.363
1641437291.687,9.277,29.785,251.465,19.531,19.043
1641437291.691,-0.977,29.297,3.418,-29.297,19.531
1641437291.695,23.926,26.855,-83.008,42.480,25.879
1641437291.698,40.039,26.367,115.234,99.609,42.480
1641437291.702,9.766,27.832,209.473,28.809,43.457
1641437291.706,-15.137,30.273,100.586,-43.945,42.480
1641437291.710,13.184,30.273,-182.617,-0.488,27.344
1641437291.714,41.016,23.926,-201.172,88.867,28.809
1641437291.717,21.973,19.531,128.418,66.406,69.336
1641437291.721,-8.789,17.578,-97.168,-22.461,38.086
1641437291.725,5.859,20.020,-337.891,8.301,-17.090
1641437291.729,42.480,22.949,-32.227,107.422,22.461
1641437291.733,41.504,25.391,200.195,117.188,82.520
1641437291.737,9.277,25.879,-70.801,16.113,36.133
1641437291.741,12.695,22.949,-519.531,-12.207,-24.902
1641437291.744,43.945,24.902,-288.086,77.148,11.230
1641437291.748,48.340,31.250,180.664,110.352,67.383
1641437291.752,16.113,32.227,-27.344,28.809,13.184
1641437291.756,0.488,31.738,-199.707,-33.691,5.859
1641437291.760,27.832,36.621,-146.484,20.020,54.688
1641437291.776,54.688,38.574,-19.043,102.051,55.176
1641437291.780,35.156,41.504,-110.352,62.012,51.270
1641437291.784,8.789,36.133,-297.363,-12.695,41.504
1641437291.788,30.762,29.785,-297.852,21.973,20.508
1641437291.792,61.035,34.668,-301.758,107.910,28.809
1641437291.796,43.457,35.645,-498.535,103.516,55.664
1641437291.800,12.695,33.691,-926.758,24.902,-25.879
1641437291.803,7.324,27.344,-851.074,3.418,-23.926
1641437291.807,24.414,27.832,-589.355,72.266,62.500
1641437291.811,28.320,30.762,-695.312,105.957,42.969
1641437291.815,-8.301,28.320,-894.531,18.555,53.223
1641437291.819,-23.438,31.250,-970.215,-21.484,55.176
1641437291.821,0.977,31.250,-966.309,60.059,77.148
1641437291.825,14.160,35.156,-967.773,120.117,83.984
1641437291.829,-16.602,38.574,-969.727,56.152,52.246
1641437291.833,-38.086,35.645,-969.727,-20.996,55.664
1641437291.837,-6.836,30.273,-969.238,25.879,45.898
1641437291.841,20.020,27.832,-969.727,102.051,51.270
1641437291.845,0.488,36.133,-969.238,54.199,66.895
1641437291.848,-20.020,38.574,-969.727,-23.926,20.996
1641437291.852,2.441,42.969,-969.238,25.879,-9.766
1641437291.856,28.809,45.898,-969.238,120.605,-9.766
1641437291.860,15.137,47.852,-969.727,92.285,1.465
1641437291.864,-19.043,46.875,-969.238,-17.578,14.160
1641437291.866,-18.555,43.457,-969.727,-25.879,-16.113
1641437291.870,10.254,45.410,-969.727,56.641,11.719
1641437291.874,6.348,39.551,-969.238,58.105,27.832
1641437291.878,-25.879,38.574,-969.238,-49.805,34.668
1641437291.882,-24.902,44.922,-969.238,-101.562,10.254
1641437291.886,7.324,46.387,-969.238,-30.273,-41.504
1641437291.890,22.461,47.363,-969.727,36.621,18.555
1641437291.893,-5.859,45.898,-968.750,-33.203,42.480
1641437291.897,-21.973,44.434,-958.984,-102.051,-38.574
1641437291.901,5.859,43.457,-991.211,-40.039,-79.590
1641437291.905,35.645,41.504,-828.613,43.457,-17.090
1641437291.909,19.043,39.551,-514.648,4.883,65.430
1641437291.912,-9.277,36.133,-653.809,-84.961,54.199
1641437291.916,6.348,30.762,-695.801,-62.988,1.465
1641437291.920,41.504,26.367,-321.289,35.156,45.898
1641437291.924,37.598,26.855,-183.105,41.016,58.105
1641437291.928,3.418,29.297,-279.297,-65.918,3.418
1641437291.932,5.371,31.250,-366.699,-85.449,-28.809
1641437291.936,34.668,27.832,-188.477,2.441,34.180
1641437291.939,37.109,28.320,96.680,38.086,69.824
1641437291.943,8.301,29.297,-187.988,-39.062,-14.648
1641437291.947,0.977,25.879,-263.672,-89.355,-5.859
1641437291.951,33.691,28.320,110.352,-20.508,46.875
1641437291.955,54.199,23.438,264.160,45.898,41.016
1641437291.972,25.391,17.090,198.242,2.930,24.414
1641437291.976,7.324,22.461,108.398,-48.340,-14.648
1641437291.980,34.668,29.785,270.996,10.254,-22.461
1641437291.984,68.359,31.250,348.145,104.980,12.695
1641437291.988,55.176,27.344,304.688,73.730,15.137
1641437291.992,18.066,21.973,288.086,-18.555,-5.371
1641437291.996,30.762,22.461,234.375,8.301,27.344
1641437291.999,64.941,21.484,248.047,90.332,50.293
1641437292.003,59.570,20.020,410.156,88.867,20.020
1641437292.007,27.832,19.531,558.594,-2.930,-7.812
1641437292.011,22.949,14.648,497.559,-23.926,-51.270
1641437292.015,50.781,15.625,511.230,68.848,-49.805
1641437292.001,60.059,18.555,587.402,104.004,-65.430
1641437292.005,27.832,18.555,583.984,25.391,-44.922
1641437292.009,19.531,16.602,465.820,-34.180,-13.672
1641437292.013,46.387,10.254,233.887,30.273,-13.184
1641437292.017,62.012,7.812,305.176,112.305,18.066
1641437292.021,38.574,9.766,506.836,74.219,58.594
1641437292.025,9.766,4.883,296.387,-5.371,6.836
1641437292.028,28.809,5.859,218.750,4.883,-6.836
1641437292.032,55.176,7.324,484.863,65.918,40.039
1641437292.036,38.574,3.418,723.145,58.105,44.922
1641437292.040,14.648,12.207,477.539,-30.273,12.207
1641437292.044,31.738,21.484,163.086,-24.414,-70.801
1641437292.046,59.570,23.438,420.410,70.801,-16.113
1641437292.050,53.711,24.414,664.551,66.406,27.832
1641437292.054,18.066,23.926,381.836,-31.250,-46.387
1641437292.058,9.277,22.949,2.930,-67.871,-69.336
1641437292.062,29.785,25.391,305.176,20.020,-33.691
1641437292.066,33.691,26.855,545.898,91.309,2.441
1641437292.070,1.953,25.879,325.684,33.691,20.996
1641437292.073,-15.137,16.602,319.336,-18.066,11.719
1641437292.077,20.020,19.531,501.953,41.992,4.883
1641437292.081,49.316,24.902,683.105,113.281,27.344
1641437292.085,29.297,22.949,470.703,70.312,4.395
1641437292.089,13.672,26.855,51.270,-11.719,-31.738
1641437292.092,40.039,29.785,283.691,17.090,-32.715
1641437292.096,74.219,30.273,542.969,98.633,-3.906
1641437292.100,75.195,33.691,441.406,94.727,-3.906
1641437292.104,46.875,29.785,337.402,-1.465,-24.414
1641437292.108,56.152,27.832,328.125,-4.395,-37.109
1641437292.112,96.191,27.832,230.469,90.820,-48.340
1641437292.116,95.215,21.973,309.570,117.188,30.762
1641437292.119,54.688,22.949,442.383,35.645,33.203
1641437292.123,47.363,27.832,304.688,4.395,-4.883
1641437292.127,77.637,33.691,244.141,86.426,-5.371
1641437292.131,78.613,31.250,62.012,142.578,-74.219
1641437292.135,41.504,25.879,116.211,83.984,-23.926
1641437292.140,24.902,27.832,333.496,13.184,0.000
1641437292.144,48.828,26.855,262.695,63.477,-17.090
1641437292.148,66.406,25.391,340.332,146.973,1.465
1641437292.152,39.551,21.973,414.062,105.469,-28.809
1641437292.156,7.812,10.742,346.680,10.742,-46.875
1641437292.160,20.020,7.324,1.953,19.043,-61.035
1641437292.164,43.945,14.160,-32.227,106.934,-50.781
1641437292.167,32.715,20.508,367.676,122.070,-17.578
1641437292.171,-2.441,22.949,291.504,21.973,-0.977
1641437292.175,-7.812,22.949,54.199,-12.695,-13.184
1641437292.179,22.949,19.531,207.520,65.430,-10.742
1641437292.183,29.785,22.461,363.281,89.355,10.742
1641437292.197,-4.883,24.902,222.656,-15.625,-20.996
1641437292.201,-12.207,25.879,82.031,-72.754,-27.832
1641437292.205,18.066,21.973,99.121,-6.836,-9.277
1641437292.209,30.273,14.648,288.574,61.035,30.762
1641437292.213,4.883,20.020,281.250,12.207,70.312
1641437292.217,-10.742,22.461,-209.961,-53.223,8.301
1641437292.221,17.090,18.555,-634.277,-8.789,-36.621
1641437292.224,48.340,20.020,-213.379,81.543,34.180
1641437292.228,38.574,27.344,192.871,70.801,108.887
1641437292.232,16.113,32.715,6.348,-16.113,91.309
1641437292.236,24.414,30.273,-17.578,-4.883,80.078
1641437292.240,56.152,27.344,204.590,81.055,110.352
1641437292.244,52.246,18.066,210.938,86.426,119.141
1641437292.248,21.484,18.555,-1.953,-11.230,62.988
1641437292.252,21.973,30.273,-84.961,-31.250,78.125
1641437292.256,53.223,37.109,78.613,62.988,114.746
1641437292.260,63.965,40.039,99.609,115.723,66.406
1641437292.264,27.344,32.715,-146.973,40.527,56.641
1641437292.268,14.648,32.227,-154.785,-26.855,70.312
1641437292.271,44.434,36.133,87.891,41.016,59.082
1641437292.275,60.059,29.785,84.961,114.258,46.875
1641437292.279,41.504,25.391,1.465,60.059,25.391
1641437292.283,7.812,30.762,72.266,-36.133,7.812
1641437292.287,9.766,27.344,7.324,-22.461,16.113
1641437292.287,44.922,27.344,-14.648,66.895,47.852
1641437292.291,38.086,33.203,89.355,75.195,27.344
1641437292.295,-0.977,28.809,110.352,-10.742,-0.977
1641437292.299,-2.441,22.949,38.574,-11.230,-7.324
1641437292.303,24.414,20.996,66.895,65.430,22.461
1641437292.307,22.461,19.531,0.488,68.359,30.762
1641437292.311,-4.883,18.066,-142.578,-18.555,-19.531
1641437292.314,-2.930,24.414,-241.211,-43.945,-47.852
1641437292.318,28.809,25.391,-432.129,50.781,-93.750
1641437292.322,37.598,23.438,-564.941,100.586,-81.055
1641437292.326,10.254,18.555,-391.602,31.738,-25.879
1641437292.330,-2.441,21.484,-254.395,-5.859,-51.758
1641437292.362,20.996,28.809,-248.047,56.152,-55.176
1641437292.366,45.898,30.273,-5.371,142.578,-29.785
1641437292.370,29.297,33.203,152.832,113.770,4.883
1641437292.374,6.348,37.598,-38.086,31.738,-12.207
1641437292.378,28.809,42.480,-119.629,66.895,-41.992
1641437292.382,57.617,39.062,47.852,154.297,6.836
1641437292.386,48.828,28.809,176.758,150.879,1.465
1641437292.389,15.137,23.926,-6.836,56.152,-31.738
1641437292.393,16.602,28.809,-146.484,45.898,-41.504
1641437292.397,46.387,36.621,217.773,137.207,12.695
1641437292.401,50.293,35.156,452.148,170.410,76.660
1641437292.405,17.090,25.391,67.871,76.172,27.832
1641437292.377,3.906,22.949,-386.719,21.973,-33.691
1641437292.381,35.156,25.879,0.977,98.633,6.836
1641437292.385,42.480,19.531,365.234,147.949,41.504
1641437292.389,10.254,14.160,210.449,70.312,17.578
1641437292.393,-6.348,10.254,62.012,-6.836,22.461
1641437292.397,16.602,9.766,45.410,33.203,52.734
1641437292.401,41.992,22.949,79.590,109.375,47.363
1641437292.404,15.625,23.926,86.914,70.801,33.691
1641437292.408,-15.625,17.578,54.688,-17.090,7.324
1641437292.412,0.977,17.578,116.699,3.906,0.488
1641437292.416,27.832,12.695,117.188,88.379,22.461
1641437292.420,18.066,7.812,57.617,92.773,30.273
1641437292.451,-15.625,11.230,69.336,-5.371,25.879
1641437292.455,-6.348,11.230,54.688,-26.367,9.277
1641437292.459,33.691,12.207,21.484,62.500,-5.859
1641437292.463,43.457,19.531,-296.387,92.773,-29.297
1641437292.467,18.555,23.926,-303.223,-0.488,-12.695
1641437292.471,11.719,24.414,-158.691,-66.406,-3.418
1641437292.475,39.551,23.926,-272.949,-6.836,-3.906
1641437292.478,62.500,28.320,-44.434,65.430,35.645
1641437292.482,40.527,25.879,153.809,13.184,40.527
1641437292.486,20.508,18.555,0.488,-57.617,-21.484
1641437292.490,46.387,16.113,-259.277,-3.418,-57.129
1641437292.494,71.289,23.438,-186.035,83.496,-19.531
1641437292.467,58.594,31.738,185.547,64.453,8.789
1641437292.471,25.391,32.227,71.289,-31.738,1.953
1641437292.475,31.738,30.762,-227.051,-35.645,-10.742
1641437292.479,64.453,30.273,-150.391,56.641,-11.719
1641437292.483,55.176,29.297,3.906,74.219,4.395
1641437292.487,18.066,26.855,-104.492,-21.484,-0.977
1641437292.491,15.625,27.344,-425.781,-52.246,-66.406
1641437292.494,46.875,30.762,-658.691,40.039,-104.492
1641437292.498,55.664,28.809,-168.457,91.797,-14.648
1641437292.502,18.555,25.391,141.602,20.508,29.785
1641437292.506,2.441,30.273,-58.594,-47.363,56.641
1641437292.510,28.320,31.738,71.777,8.301,116.211
1641437292.512,41.504,25.879,273.438,86.914,105.957
1641437292.516,14.160,21.484,125.977,35.156,109.375
1641437292.520,-14.648,15.625,-331.055,-47.363,20.996
1641437292.524,12.207,20.996,-197.266,-19.043,-6.348
1641437292.528,41.992,27.344,144.043,62.012,50.293
1641437292.532,22.949,28.809,29.785,62.500,17.090
1641437292.536,-5.371,28.809,-303.223,-24.414,-35.645
1641437292.539,3.906,21.484,-126.465,-26.367,-38.574
1641437292.543,30.273,21.484,332.520,69.824,-1.953
1641437292.547,29.297,31.250,453.613,98.145,15.137
1641437292.551,-7.324,29.785,382.812,14.160,-5.371
1641437292.555,-13.184,22.461,303.223,-15.625,1.465
1641437292.572,16.602,25.391,371.582,66.895,-2.441
1641437292.576,31.738,30.762,416.992,105.469,-11.230
1641437292.580,8.789,26.367,335.938,20.508,9.766
1641437292.584,-8.789,14.160,290.527,-37.109,13.184
1641437292.588,17.578,14.160,285.156,22.461,-14.160
1641437292.592,47.852,27.832,239.746,100.586,22.461
1641437292.596,32.227,35.645,269.531,56.641,51.758
1641437292.599,9.277,38.086,178.711,-20.508,16.602
1641437292.603,26.855,28.320,79.102,16.113,2.441
1641437292.607,58.105,23.926,-136.230,100.098,-6.836
1641437292.611,44.434,22.461,-55.176,98.633,4.395
1641437292.615,10.742,20.020,163.574,8.301,-6.348
1641437292.617,18.066,21.973,12.695,1.953,5.859
1641437292.621,45.410,25.879,155.273,104.492,62.500
1641437292.625,49.805,22.949,399.902,132.324,90.332
1641437292.629,19.531,19.043,395.508,43.945,101.074
1641437292.633,10.742,24.414,211.914,2.930,124.023
1641437292.637,35.156,25.879,47.852,66.406,60.059
1641437292.641,41.992,25.879,85.449,119.141,19.043
1641437292.644,14.160,27.344,182.129,53.711,40.527
1641437292.648,-2.930,25.391,-41.992,-19.531,31.250
1641437292.652,20.996,23.926,-234.863,32.715,-8.789
1641437292.656,50.293,27.344,103.027,133.789,11.719
1641437292.660,31.738,22.461,303.223,114.258,51.270
1641437292.662,0.488,16.113,94.238,20.508,25.879
1641437292.666,9.766,21.973,15.625,37.598,17.578
1641437292.670,35.645,29.297,283.691,125.488,60.547
1641437292.674,32.227,31.250,404.785,134.277,120.117
1641437292.678,-6.348,27.344,126.953,32.715,101.562
1641437292.682,-9.277,23.926,-104.492,3.418,70.312
1641437292.686,27.344,25.391,97.656,96.680,124.512
1641437292.689,35.156,25.879,308.594,128.906,126.953
1641437292.693,10.742,30.273,-31.738,41.016,63.477
1641437292.697,4.883,33.691,-126.465,-11.230,56.641
1641437292.701,31.250,29.785,249.512,60.547,110.352
1641437292.705,51.758,29.297,356.934,123.535,179.688
1641437292.722,29.297,36.133,192.383,42.969,163.086
1641437292.726,7.324,39.062,72.754,-41.016,98.145
1641437292.730,28.320,35.645,154.785,1.465,62.500
1641437292.734,53.711,31.738,103.516,77.637,83.984
1641437292.738,40.039,33.691,55.664,57.617,84.473
1641437292.742,11.230,32.227,-10.742,-34.668,58.105
1641437292.746,24.414,28.320,-116.699,-24.902,71.289
1641437292.749,58.594,28.320,-118.652,72.266,61.035
1641437292.753,57.617,21.973,-117.676,96.680,50.781
1641437292.757,22.461,23.438,47.852,11.719,41.992
1641437292.761,22.461,28.809,22.949,-18.066,58.594
1641437292.765,52.734,32.227,55.664,72.754,63.965
1641437292.752,55.664,29.785,240.723,120.117,40.527
1641437292.756,22.949,25.879,252.441,43.457,32.227
1641437292.760,5.859,25.391,149.902,-15.625,56.641
1641437292.764,28.320,24.902,129.395,45.410,87.891
1641437292.768,46.875,20.020,271.484,120.117,81.543
1641437292.772,17.090,12.695,237.305,68.359,71.289
1641437292.776,-12.207,17.090,-39.551,-18.555,52.734
1641437292.779,0.977,18.066,-102.539,-8.789,20.508
1641437292.783,19.043,16.602,133.789,67.871,27.344
1641437292.787,7.324,21.484,282.227,69.336,49.805
1641437292.791,-19.531,25.391,130.371,-28.320,54.688
1641437292.795,-14.648,27.832,-351.074,-39.551,11.230
1641437292.812,16.113,31.738,-229.492,42.480,16.602
1641437292.816,22.949,30.762,304.688,77.148,73.730
1641437292.820,0.488,20.508,197.754,-2.441,89.844
1641437292.824,1.953,18.555,34.180,-50.781,67.383
1641437292.828,34.668,21.973,154.785,35.156,50.293
1641437292.832,55.176,25.391,272.461,96.680,88.867
1641437292.836,29.297,30.762,14.648,20.020,55.664
1641437292.839,16.602,29.297,-412.598,-40.039,-8.301
1641437292.843,50.781,32.715,-109.863,20.996,40.039
1641437292.847,72.266,36.133,334.961,110.840,66.406
1641437292.851,51.758,33.203,266.113,72.266,42.480
1641437292.855,22.949,30.273,130.859,-18.555,28.320
1641437292.841,36.621,23.926,140.137,10.254,23.926
1641437292.845,62.988,21.973,261.719,89.844,45.898
1641437292.849,56.152,30.273,283.691,84.473,81.055
1641437292.853,24.902,35.156,123.047,-19.043,73.242
1641437292.857,17.090,30.762,41.992,-40.527,72.754
1641437292.861,41.504,26.855,10.742,57.617,119.141
1641437292.865,41.992,23.926,64.453,95.215,121.582
1641437292.868,4.883,20.020,119.629,-1.465,57.129
1641437292.872,-9.277,16.602,-62.500,-54.688,41.504
1641437292.876,21.973,16.602,-96.191,36.621,72.754
1641437292.880,40.039,21.484,-211.914,102.539,72.266
1641437292.884,4.883,25.391,-275.879,36.133,92.773
1641437292.932,-19.043,20.020,-3.418,-41.504,101.562
1641437292.936,7.812,15.625,24.902,-4.395,56.152
1641437292.940,26.367,16.602,160.156,88.379,101.562
1641437292.944,1.465,16.602,273.926,63.477,103.027
1641437292.948,-26.855,16.113,151.367,-29.785,54.199
1641437292.952,-14.648,11.230,-163.086,-17.578,28.320
1641437292.956,18.066,12.207,-203.125,61.035,1.953
1641437292.959,15.137,20.996,213.379,66.406,48.828
1641437292.963,-19.531,17.090,224.121,-30.273,61.523
1641437292.967,-14.160,14.648,-138.672,-52.246,-17.090
1641437292.971,26.855,19.043,-37.598,44.922,12.207
1641437292.975,37.598,21.973,190.918,87.891,9.766
1641437292.935,5.371,20.508,-17.578,5.859,-71.289
1641437292.939,-1.465,20.020,-213.379,-46.387,-78.125
1641437292.943,34.180,24.414,-108.398,20.020,-37.109
1641437292.947,62.012,24.414,216.309,93.750,-0.488
1641437292.951,45.898,17.090,134.277,37.598,-12.695
1641437292.955,27.832,18.066,-288.086,-44.922,-53.711
1641437292.959,55.176,25.879,-284.668,-4.883,-49.316
1641437292.962,81.543,24.902,119.629,79.102,17.578
1641437292.966,62.988,23.926,150.879,61.035,14.648
1641437292.970,25.879,29.297,-163.086,-35.156,-43.945
1641437292.974,30.273,30.762,-167.969,-32.715,-34.180
1641437292.978,58.594,29.785,45.410,56.152,18.066
1641437292.992,47.852,22.461,44.434,69.824,45.410
1641437292.996,12.207,21.484,-146.973,-22.461,54.688
1641437293.000,12.207,18.555,-216.797,-49.316,-2.441
1641437293.004,39.062,14.160,-154.297,36.621,-48.828
1641437293.008,47.363,21.973,-34.180,87.402,-32.715
1641437293.012,24.414,27.344,-460.449,17.090,-71.777
1641437293.016,13.184,23.438,-673.340,-28.809,-69.824
1641437293.019,22.949,18.066,-209.961,36.133,-1.465
1641437293.023,32.715,20.020,75.684,106.934,1.953
1641437293.027,10.742,18.066,106.934,63.965,35.156
1641437293.031,-15.625,17.090,60.547,-23.438,63.965
1641437293.035,-2.930,20.020,-21.973,-13.672,12.695
1641437293.037,25.879,19.531,83.984,63.965,51.270
1641437293.041,17.578,13.184,169.434,64.941,60.059
1641437293.045,-16.113,11.230,74.219,-27.344,-7.812
1641437293.049,-5.371,20.996,-32.715,-41.992,-23.926
1641437293.053,35.645,28.320,54.199,34.180,12.207
1641437293.057,41.016,31.250,92.285,59.082,18.555
1641437293.061,7.324,31.738,-75.195,-24.902,23.438
1641437293.064,0.488,29.297,-122.070,-63.965,43.457
1641437293.068,36.133,26.367,-310.547,28.320,-7.324
1641437293.072,49.805,26.855,-187.500,84.473,12.695
1641437293.076,21.973,28.320,207.031,16.113,73.730
1641437293.080,8.301,20.508,5.859,-43.945,16.113
1641437293.082,30.762,12.207,-35.645,2.441,-9.277
1641437293.086,54.199,18.555,286.621,85.938,72.266
1641437293.090,40.527,26.367,345.215,51.270,90.332
1641437293.094,14.160,22.949,100.098,-40.527,36.133
1641437293.098,23.926,20.996,21.973,-1.465,-12.695
1641437293.102,53.223,17.578,125.000,98.633,11.719
1641437293.106,41.992,11.719,237.305,92.773,93.750
1641437293.109,4.883,12.695,83.008,-8.301,60.547
1641437293.113,5.371,11.230,-356.445,-33.691,-7.812
1641437293.117,37.598,8.301,-50.781,57.129,50.293
1641437293.121,45.898,8.301,355.957,94.238,87.891
1641437293.125,13.672,14.160,178.711,4.883,32.227
1641437293.127,1.465,14.160,55.176,-50.293,14.648
1641437293.131,27.832,17.578,183.105,37.598,23.926
1641437293.135,41.504,23.926,304.199,117.676,15.137
1641437293.139,11.230,23.926,229.492,55.176,38.086
1641437293.143,-8.301,19.531,46.875,-19.043,63.965
1641437293.147,18.555,15.625,-43.457,22.949,60.059
1641437293.151,44.434,13.184,13.184,101.562,56.641
1641437293.154,25.879,8.789,-212.891,58.105,30.762
1641437293.158,-2.930,12.207,-324.219,-49.316,5.859
1641437293.162,14.160,22.949,-57.129,-33.691,35.645
1641437293.166,40.527,23.926,-35.156,59.570,42.969
1641437293.170,30.762,20.508,-51.758,75.195,65.918
1641437293.171,3.906,19.043,-73.730,-6.348,75.684
1641437293.175,9.277,17.090,-90.820,-29.785,60.059
1641437293.179,42.480,22.949,-212.891,57.129,43.945
1641437293.183,50.781,20.996,-150.391,98.145,76.660
1641437293.187,14.648,13.672,50.293,17.090,75.195
1641437293.191,3.418,17.578,-192.383,-34.668,34.668
1641437293.195,35.645,21.484,-380.859,40.039,35.645
1641437293.198,56.152,24.902,-262.695,118.652,50.781
1641437293.202,32.227,24.902,-5.859,70.312,20.020
1641437293.206,8.301,19.043,6.348,2.441,-7.812
1641437293.210,24.414,15.625,3.418,47.852,64.453
1641437293.214,54.199,16.602,168.457,139.160,104.004
1641437293.247,36.133,16.602,257.812,121.094,95.703
1641437293.251,-5.371,14.648,44.922,23.926,96.680
1641437293.255,1.465,14.648,-181.641,19.531,94.727
1641437293.259,35.645,19.043,27.832,97.168,122.559
1641437293.263,27.832,21.484,303.223,105.469,142.578
1641437293.267,-8.789,21.973,69.824,10.254,115.723
1641437293.271,-9.277,21.484,-354.004,-27.344,83.008
1641437293.274,22.949,22.949,-104.980,44.922,105.469
1641437293.278,33.691,25.391,271.484,85.938,103.516
1641437293.282,-1.465,20.508,43.457,3.418,35.645
1641437293.286,-14.648,18.555,-273.926,-65.918,-20.508
1641437293.290,16.113,14.160,-194.336,-14.648,15.137
1641437293.292,37.598,16.602,74.707,62.500,116.211
1641437293.296,16.602,19.531,-34.180,21.973,98.633
1641437293.300,-11.230,20.020,-263.672,-58.105,47.852
1641437293.304,8.789,28.809,-167.969,-27.344,72.266
1641437293.308,40.039,32.227,-104.980,61.523,83.984
1641437293.312,32.715,26.855,-267.578,65.430,55.176
1641437293.316,4.395,24.902,-382.812,-20.996,27.832
1641437293.319,18.555,27.832,-233.398,-24.902,33.203
1641437293.323,56.152,20.996,-20.508,70.312,47.363
1641437293.327,57.617,14.648,-27.832,98.145,85.449
1641437293.331,22.949,20.996,-167.969,18.555,73.242
1641437293.335,12.207,23.926,-173.340,-14.160,10.742
1641437293.322,46.875,24.902,0.488,73.730,17.578
1641437293.326,63.965,21.973,-120.117,130.859,46.387
1641437293.330,24.414,20.508,-362.305,58.594,25.879
1641437293.334,2.930,24.902,-127.930,4.883,65.918
1641437293.338,26.367,22.461,46.875,61.035,106.934
1641437293.342,42.969,19.043,62.012,127.930,88.867
1641437293.346,20.020,20.020,-23.438,76.660,19.043
1641437293.349,-7.812,17.090,-139.160,-20.996,-24.902
1641437293.353,4.395,15.137,-137.695,1.465,17.578
1641437293.357,32.715,20.508,-105.469,76.172,4.883
1641437293.361,25.391,28.320,79.102,73.730,2.930
1641437293.365,-10.254,28.320,53.223,-18.555,10.254
1641437293.366,-7.812,26.367,-135.742,-34.668,-51.758
1641437293.370,27.344,22.949,-411.133,68.359,-97.168
1641437293.374,31.738,20.508,-201.172,108.398,-22.949
1641437293.378,-0.488,23.438,130.859,35.156,5.371
1641437293.382,-2.930,26.367,-78.613,-4.883,-20.996
1641437293.386,24.902,21.973,-135.742,65.918,-35.156
1641437293.390,39.062,24.902,13.672,136.719,-46.875
1641437293.393,21.484,35.645,214.355,87.891,-23.438
1641437293.397,7.812,35.645,-30.762,28.320,-52.734
1641437293.401,37.109,35.645,-318.848,77.148,-95.703
1641437293.405,67.383,37.598,139.648,162.109,-26.367
1641437293.409,42.480,37.109,396.973,144.043,28.320
1641437293.413,10.254,34.668,121.582,45.410,-31.250
1641437293.417,21.973,34.668,92.285,35.645,-20.020
1641437293.421,54.688,35.645,395.996,111.816,43.945
1641437293.425,46.387,28.320,550.781,113.770,77.637
1641437293.429,3.906,25.391,335.449,1.953,32.715
1641437293.433,3.418,27.344,69.336,-38.086,-20.508
1641437293.437,34.668,28.809,174.805,47.363,24.414
1641437293.440,38.574,32.227,395.020,83.496,65.918
1641437293.444,6.348,26.855,20.996,6.836,11.230
1641437293.448,-2.930,23.926,-112.793,-43.457,18.555
1641437293.452,22.949,24.414,180.176,7.812,11.230
1641437293.456,38.086,23.438,234.375,69.336,24.414
1641437293.457,12.207,21.484,154.785,16.113,59.570
1641437293.461,-8.301,13.184,21.484,-61.035,33.203
1641437293.465,12.695,13.672,131.836,-21.973,20.508
1641437293.469,37.109,21.484,128.906,69.336,32.227
1641437293.473,24.414,24.414,146.973,68.359,80.078
1641437293.477,-2.930,24.902,56.641,-20.996,36.621
1641437293.481,9.766,19.531,-77.637,-7.812,39.551
1641437293.484,46.875,19.043,-10.742,94.727,110.840
1641437293.488,53.711,26.367,-149.414,114.258,96.191
1641437293.492,24.902,34.180,-1.953,22.461,84.473
1641437293.496,25.391,32.227,63.965,-18.555,46.875
1641437293.500,55.664,20.508,-37.598,61.035,41.016
1641437293.501,62.500,24.414,145.996,117.676,74.219
1641437293.505,24.902,31.250,221.191,36.621,72.754
1641437293.509,3.906,29.785,92.773,-31.250,59.082
1641437293.513,31.250,33.203,-78.125,20.508,64.941
1641437293.517,52.246,33.691,-36.621,89.844,58.105
1641437293.521,34.180,35.156,1.953,53.711,46.875
1641437293.525,5.859,33.203,-121.094,-32.227,25.391
1641437293.528,18.555,28.320,-364.746,-5.859,9.766
1641437293.532,52.734,27.344,-307.617,89.355,52.246
1641437293.536,42.969,23.926,218.750,84.473,90.820
1641437293.540,7.324,30.273,112.305,-21.484,36.133
1641437293.544,10.254,37.598,-78.125,-37.598,28.320
1641437293.561,35.156,34.180,74.707,31.738,51.270
1641437293.565,31.738,32.227,199.707,52.246,99.609
1641437293.569,-3.906,26.367,20.020,-28.809,93.750
1641437293.573,-7.812,21.484,-232.910,-71.289,-8.301
1641437293.577,26.367,25.879,-71.777,18.066,17.090
1641437293.581,41.504,26.367,70.312,78.125,95.703
1641437293.585,9.766,19.043,-208.496,12.207,55.664
1641437293.588,-8.789,15.137,-507.324,-43.945,-1.465
1641437293.592,11.230,19.043,-173.828,21.484,48.340
1641437293.596,30.762,24.414,192.383,108.887,113.281
1641437293.600,14.160,24.902,-72.266,70.312,67.871
1641437293.604,-12.695,25.391,-329.102,-13.672,45.410
1641437293.592,4.395,30.273,-125.977,15.137,86.914
1641437293.596,41.016,26.855,61.523,106.934,70.801
1641437293.600,37.598,21.973,84.961,119.141,57.129
1641437293.604,3.418,27.832,11.230,28.809,61.523
1641437293.608,3.418,29.785,-46.387,7.812,-7.812
1641437293.612,36.133,20.996,-106.934,91.797,-20.996
1641437293.616,45.898,21.484,-41.504,124.023,22.949
1641437293.619,17.578,30.273,30.273,36.621,21.973
1641437293.623,5.859,36.133,-25.391,-26.855,25.879
1641437293.627,36.621,35.645,-47.363,40.527,12.207
1641437293.631,52.734,25.879,-277.344,110.352,-35.645
1641437293.635,26.855,29.297,-250.977,48.340,-0.977
1641437293.653,7.812,34.180,50.781,-26.367,22.949
1641437293.657,25.879,29.785,-52.246,5.371,-33.691
1641437293.661,53.223,31.738,61.035,89.844,13.672
1641437293.665,40.527,28.809,252.441,78.613,60.547
1641437293.669,6.348,19.531,124.512,-17.090,12.695
1641437293.673,14.648,22.949,-160.156,-15.137,0.488
1641437293.677,47.363,26.855,-194.824,70.312,39.551
1641437293.680,50.781,27.344,175.781,90.820,41.016
1641437293.684,15.625,29.785,181.641,1.953,17.578
1641437293.688,10.742,28.320,-143.555,-27.832,1.953
1641437293.692,39.062,28.320,-62.988,54.199,1.953
1641437293.696,42.480,27.344,250.977,95.703,22.461
1641437293.696,11.230,12.695,145.020,24.902,38.086
1641437293.700,-2.930,9.277,-22.949,-31.738,57.129
1641437293.704,22.461,21.973,49.805,22.949,67.383
1641437293.708,42.480,31.738,292.969,88.379,78.125
1641437293.712,18.555,34.180,260.254,35.645,62.988
1641437293.716,-6.836,21.973,-115.723,-38.574,0.977
1641437293.720,11.719,16.113,-187.500,-5.859,-17.578
1641437293.723,37.109,22.949,120.605,83.008,34.668
1641437293.727,24.414,20.996,223.145,82.031,52.734
1641437293.731,0.000,16.602,-336.426,-14.160,-24.414
1641437293.735,8.789,22.949,-507.812,-25.391,-23.926
1641437293.739,43.945,34.180,32.227,65.918,57.129
1641437293.742,49.805,32.715,54.199,83.496,73.242
1641437293.746,14.648,31.738,-177.734,-20.508,54.688
1641437293.750,14.648,36.133,-216.309,-52.734,43.945
1641437293.754,52.734,34.180,-113.770,42.480,51.270
1641437293.758,59.570,29.785,-35.645,97.656,92.285
1641437293.762,30.762,35.156,-265.137,27.344,47.852
1641437293.766,17.578,36.621,-324.707,-33.203,8.789
1641437293.769,35.156,30.273,-65.430,16.602,23.438
1641437293.773,54.688,25.879,-44.922,90.332,41.504
1641437293.777,39.062,29.297,-291.504,53.223,30.762
1641437293.781,9.277,32.227,-164.551,-31.738,4.883
1641437293.785,18.555,32.227,-99.121,-11.719,-31.250
1641437293.787,51.270,36.133,-99.121,68.359,-40.527
1641437293.791,46.387,35.156,-5.859,68.848,1.953
1641437293.795,12.207,31.738,-65.918,-17.090,-10.742
1641437293.799,17.090,29.297,-125.000,-20.996,-17.578
1641437293.803,40.527,24.414,-95.703,57.129,55.176
1641437293.807,37.109,23.438,-54.688,83.984,99.609
1641437293.811,0.977,20.996,-153.320,3.418,89.844
1641437293.814,-13.184,19.043,-291.992,-48.828,33.691
1641437293.818,19.531,23.438,-417.480,18.555,41.504
1641437293.822,38.086,29.785,-271.973,68.848,73.730
1641437293.826,7.324,32.227,70.801,1.465,49.316
1641437293.830,-14.648,30.762,-58.594,-57.129,17.090
1641437293.831,6.836,28.809,-144.531,-12.207,4.395
1641437293.835,30.273,25.879,108.398,66.895,43.945
1641437293.839,16.113,27.832,187.500,44.922,37.598
1641437293.843,-13.672,22.949,-56.152,-41.016,10.254
1641437293.847,-0.488,19.531,-131.348,-9.277,33.691
1641437293.851,34.180,25.879,-5.371,87.891,26.855
1641437293.855,36.621,32.715,37.598,101.074,11.719
1641437293.858,7.324,36.621,-72.266,3.906,6.348
1641437293.862,11.719,35.645,-206.543,-25.879,10.742
1641437293.866,50.781,34.180,-106.445,71.289,31.738
1641437293.870,58.594,27.832,37.109,120.605,23.926
1641437293.874,25.879,25.879,-225.098,43.945,-3.906
1641437293.876,11.230,32.227,-587.402,-18.555,-54.199
1641437293.880,37.598,33.691,-275.879,52.246,-22.461
1641437293.884,53.223,27.832,119.629,134.277,66.895
1641437293.888,25.879,24.902,-83.496,78.125,48.340
1641437293.892,4.883,26.367,-483.887,-0.488,15.625
1641437293.896,25.879,29.785,-291.016,32.227,18.555
1641437293.900,49.805,35.645,67.871,111.816,33.691
1641437293.903,25.879,29.785,-57.129,86.426,36.133
1641437293.907,-7.812,26.367,-166.504,-20.020,-27.344
1641437293.911,0.000,30.273,120.605,-9.766,8.301
1641437293.915,33.203,30.273,229.004,81.055,60.547
1641437293.919,41.504,26.855,167.480,91.797,14.648
1641437293.936,7.324,26.367,140.625,4.395,17.090
1641437293.940,4.395,31.738,119.141,-25.391,7.812
1641437293.944,33.203,29.297,-4.395,52.246,10.742
1641437293.948,41.992,32.227,-24.902,83.496,1.465
1641437293.952,11.719,37.109,72.266,-5.371,-36.133
1641437293.956,-7.812,35.156,-72.754,-67.383,-4.395
1641437293.960,22.949,37.109,-289.062,-12.695,0.000
1641437293.963,45.410,41.016,-297.852,56.641,-59.082
1641437293.967,20.508,33.691,-15.137,16.113,-32.227
1641437293.971,-2.930,23.438,22.949,-47.852,41.016
1641437293.975,17.090,27.344,-95.215,-3.906,17.578
1641437293.979,42.480,29.297,60.547,80.566,29.785
1641437293.967,25.879,22.461,195.801,68.359,32.715
1641437293.971,-4.395,21.484,-13.672,-20.996,10.742
1641437293.975,3.906,29.785,-261.719,-21.484,20.020
1641437293.979,35.156,35.156,-62.500,69.336,20.996
1641437293.983,43.945,36.133,257.812,94.238,12.207
1641437293.987,12.207,29.785,20.020,-4.883,2.441
1641437293.991,7.324,24.902,-182.129,-56.641,-8.789
1641437293.994,35.645,28.809,101.074,22.949,29.785
1641437293.998,40.527,27.344,370.605,74.219,59.570
1641437294.002,14.648,28.809,287.598,2.930,27.832
1641437294.006,-7.812,30.273,-207.520,-53.711,-62.500
1641437294.010,10.254,32.715,-147.461,-5.859,-55.664
1641437294.026,30.762,28.320,316.895,61.035,19.531
1641437294.030,9.766,15.625,272.461,19.043,23.926
1641437294.034,-12.207,19.043,134.277,-67.871,32.715
1641437294.038,5.371,28.320,219.727,-48.828,42.969
1641437294.042,38.086,34.180,306.152,30.273,27.344
1641437294.046,23.438,32.227,124.023,25.879,40.527
1641437294.050,-9.277,33.691,-285.156,-61.523,41.992
1641437294.053,2.930,40.039,-158.691,-63.965,23.926
1641437294.057,38.086,36.133,244.629,29.785,68.848
1641437294.061,52.734,33.203,294.922,66.895,77.148
1641437294.065,22.461,34.180,155.273,-3.906,52.246
1641437294.069,18.555,35.645,73.730,-32.715,76.660
1641437294.071,58.594,42.480,104.980,49.316,50.781
1641437294.075,74.219,40.039,205.566,128.418,56.152
1641437294.079,38.574,30.762,160.645,75.195,55.664
1641437294.083,17.090,30.762,30.762,9.277,20.020
1641437294.087,48.828,32.715,49.316,69.336,31.250
1641437294.091,77.637,40.527,68.359,159.668,42.480
1641437294.095,56.641,44.922,107.910,117.676,8.301
1641437294.098,25.879,37.598,50.293,12.695,1.953
1641437294.102,41.016,29.297,-9.277,37.598,16.602
1641437294.106,66.406,30.273,-177.246,116.211,-15.625
1641437294.110,59.570,38.086,-77.637,122.070,-8.789
1641437294.114,27.344,38.574,278.809,32.227,40.039
1641437294.116,22.949,40.039,102.051,3.418,13.672
1641437294.120,50.781,41.016,128.906,91.797,24.902
1641437294.124,54.688,39.551,379.395,131.348,45.410
1641437294.128,20.508,40.039,328.613,47.852,32.227
1641437294.132,7.812,44.922,136.230,-20.508,27.832
1641437294.136,37.109,47.363,61.035,38.574,15.137
1641437294.140,51.270,37.109,187.500,121.094,15.137
1641437294.143,20.020,29.785,378.418,70.312,73.242
1641437294.147,-3.906,33.203,101.562,-5.859,83.984
1641437294.151,17.090,35.645,-162.598,31.738,40.527
1641437294.155,41.016,36.133,185.547,113.281,71.777
1641437294.159,31.738,38.574,317.383,97.656,95.215
1641437294.177,2.930,37.598,-8.789,1.953,56.152
1641437294.181,5.859,34.668,-88.867,9.766,46.875
1641437294.185,39.062,37.109,240.234,105.957,100.586
1641437294.189,37.598,33.203,346.191,118.164,113.281
1641437294.193,1.953,22.461,126.953,18.555,89.844
1641437294.197,1.953,20.508,-143.555,-11.719,96.680
1641437294.201,39.551,26.855,-51.270,76.660,153.809
1641437294.204,57.129,32.227,162.598,117.188,142.578
1641437294.208,32.227,33.203,-199.219,37.109,58.594
1641437294.212,22.461,36.621,-365.234,-15.625,2.441
1641437294.216,51.270,36.621,23.438,53.711,20.508
1641437294.220,71.777,35.156,103.027,131.836,39.062
1641437294.207,50.293,40.039,21.973,84.961,23.926
1641437294.211,20.996,41.016,-124.512,0.488,-9.277
1641437294.215,31.250,34.180,-114.746,27.344,-10.742
1641437294.219,50.293,30.762,6.348,100.098,75.195
1641437294.223,31.738,30.762,-52.246,81.055,87.402
1641437294.227,7.324,33.691,-192.871,-19.531,38.574
1641437294.231,12.695,38.086,-241.699,-25.391,30.273
1641437294.234,37.109,37.598,-126.953,64.941,40.039
1641437294.238,43.457,36.621,-7.324,98.145,45.898
1641437294.242,8.301,34.180,56.152,8.301,91.797
1641437294.246,-3.906,33.691,-24.902,-41.504,81.055
1641437294.250,25.391,34.668,-222.168,46.387,16.602
1641437294.252,37.109,30.273,-244.141,105.957,12.695
1641437294.256,9.766,22.461,-35.645,28.320,-4.883
1641437294.260,-4.883,30.762,-190.430,-34.668,-46.387
1641437294.264,19.531,39.062,-279.297,26.367,-41.016
1641437294.268,42.480,33.691,-124.023,107.422,-1.465
1641437294.272,28.320,32.227,-105.957,77.148,26.367
1641437294.276,4.395,31.738,-248.047,-4.395,10.742
1641437294.279,17.090,29.785,-510.254,22.461,0.977
1641437294.283,48.828,29.785,-408.691,120.605,41.016
1641437294.287,43.457,32.715,48.828,129.395,94.727
1641437294.291,12.207,30.762,-53.711,30.762,83.008
1641437294.295,9.277,22.949,-215.332,6.348,64.453
1641437294.296,39.062,26.367,-29.297,89.355,77.637
1641437294.300,48.340,35.645,174.316,121.582,82.031
1641437294.304,14.160,40.527,-1.953,32.227,15.137
1641437294.308,8.789,43.457,-186.523,-20.508,-38.574
1641437294.312,37.109,46.387,-20.020,46.875,0.977
1641437294.316,47.852,44.434,59.570,102.051,6.836
1641437294.320,20.996,34.180,-136.230,31.250,-18.555
1641437294.323,-7.812,23.926,-481.934,-39.551,-41.016
1641437294.327,14.160,25.391,-219.238,12.695,36.621
1641437294.331,42.480,31.250,195.312,89.844,112.305
1641437294.335,21.973,35.156,152.344,59.082,62.012
1641437294.339,-10.254,33.203,41.992,-26.855,6.836
1641437294.342,0.977,33.203,7.324,-12.207,-22.949
1641437294.346,32.715,34.668,105.957,81.543,2.930
1641437294.350,25.879,29.297,147.461,86.914,24.902
1641437294.354,-5.859,24.902,42.480,-5.859,29.785
1641437294.358,-2.441,22.461,-54.199,-18.555,54.199
1641437294.362,34.180,24.414,-75.195,76.660,70.312
1641437294.366,41.504,31.250,-219.727,121.094,45.410
1641437294.369,5.371,35.645,-181.641,43.945,57.129
1641437294.373,-3.906,35.156,23.438,-18.066,35.156
1641437294.377,27.344,31.738,-77.148,42.969,5.371
1641437294.381,44.434,25.879,-50.293,117.188,54.199
1641437294.385,26.855,25.391,81.543,61.523,40.039
1641437294.402,9.277,28.320,47.363,-27.344,-8.789
1641437294.406,25.391,27.344,-85.449,-12.207,-70.312
1641437294.410,53.223,23.926,-51.270,58.105,-62.988
1641437294.414,42.969,31.738,88.867,49.316,-27.344
1641437294.418,16.602,44.922,-36.133,-42.480,-42.480
1641437294.422,24.414,46.387,-344.238,-42.969,-59.570
1641437294.426,53.223,46.387,-341.797,43.945,-47.363
1641437294.429,49.316,43.457,20.508,69.336,-0.977
1641437294.433,11.719,37.109,2.441,-14.648,-21.973
1641437294.437,7.324,34.668,-344.727,-41.504,-61.035
1641437294.441,34.180,34.180,-269.043,50.781,-21.973
1641437294.445,41.992,32.715,82.031,95.703,43.457
1641437294.447,16.113,31.738,-0.977,21.484,46.387
1641437294.451,5.371,33.691,-271.973,-37.598,41.016
1641437294.455,25.879,36.133,-203.125,12.207,59.082
1641437294.459,45.898,37.109,93.750,91.309,55.664
1641437294.463,22.949,32.715,59.570,48.828,42.480
1641437294.467,-4.395,25.879,-236.816,-38.086,16.602
1641437294.471,22.461,30.273,-321.777,-1.465,15.137
1641437294.474,46.387,32.227,-57.129,68.848,27.832
1641437294.478,25.391,33.203,15.625,44.922,33.203
1641437294.482,-3.906,32.227,-464.355,-46.875,-4.395
1641437294.486,3.418,31.738,-505.859,-36.133,0.000
1641437294.490,36.133,37.598,-52.734,72.754,59.082
1641437294.492,41.992,35.156,-32.227,104.980,70.801
1641437294.496,8.301,31.738,-150.391,13.184,100.586
1641437294.500,0.488,32.715,-247.559,-37.598,96.680
1641437294.504,30.762,36.621,-242.188,38.086,62.500
1641437294.508,46.875,41.504,-120.605,100.098,66.895
1641437294.512,17.578,36.621,-291.504,26.367,66.406
1641437294.516,-0.977,28.809,-395.020,-55.176,62.988
1641437294.519,24.902,28.320,-172.852,-10.254,77.637
1641437294.523,39.551,28.809,-138.672,70.801,67.383
1641437294.527,16.602,28.809,-287.109,33.691,29.785
1641437294.531,-5.371,28.320,-144.043,-58.594,43.945
1641437294.535,6.348,27.832,-65.918,-37.598,52.246
1641437294.536,31.738,31.738,-190.918,50.781,22.461
1641437294.540,22.461,23.926,-170.410,55.176,37.109
1641437294.544,-7.812,17.578,28.320,-22.461,59.570
1641437294.548,3.418,14.648,-8.789,-32.227,56.152
1641437294.552,37.598,16.602,2.441,55.176,14.648
1641437294.556,47.363,22.949,22.461,104.492,8.789
1641437294.560,17.090,28.320,-68.359,36.133,35.645
1641437294.563,4.883,35.645,-140.137,-6.836,32.227
1641437294.567,38.574,35.156,-318.359,62.988,24.414
1641437294.571,50.293,34.180,-194.824,117.188,3.906
1641437294.575,18.555,31.738,225.586,56.152,-16.113
1641437294.579,0.000,30.762,94.238,-18.066,0.000
1641437294.582,20.508,36.133,-59.570,20.020,14.160
1641437294.586,48.828,35.645,246.582,99.121,25.879
1641437294.590,40.527,35.156,418.945,82.520,37.109
1641437294.594,8.301,33.203,198.730,0.000,29.297
1641437294.598,23.438,37.109,133.789,11.719,52.246
1641437294.602,56.641,42.969,234.863,107.422,85.938
1641437294.606,41.992,33.691,333.496,113.770,99.121
1641437294.609,14.648,36.133,85.449,17.578,78.125
1641437294.613,18.066,39.062,-308.594,-7.324,46.875
1641437294.617,43.457,37.598,98.633,78.613,73.730
1641437294.621,50.781,35.645,398.438,125.000,77.148
1641437294.625,15.625,25.879,120.605,47.363,40.039
1641437294.627,0.488,23.926,-22.461,-16.602,16.602
1641437294.631,29.785,33.691,197.266,38.086,48.828
1641437294.635,51.758,45.410,323.730,112.305,58.594
1641437294.639,21.973,43.457,244.629,54.688,64.453
1641437294.643,-1.953,40.527,135.742,-27.832,77.148
1641437294.647,18.066,38.574,-9.277,-0.488,33.691
1641437294.651,40.527,32.715,67.871,77.637,39.062
1641437294.654,28.320,32.715,-5.371,67.871,41.016
1641437294.658,-0.488,37.598,-80.078,-29.785,4.883
1641437294.662,8.789,44.434,199.219,-31.250,19.043
1641437294.666,39.062,47.363,244.629,44.922,33.203
1641437294.670,36.133,39.551,160.156,53.711,42.480
1641437294.672,5.371,38.574,138.672,-22.461,20.996
1641437294.676,0.488,36.621,134.766,-62.500,6.348
1641437294.680,28.320,34.668,81.543,12.695,46.875
1641437294.684,39.062,39.062,98.145,58.105,92.285
1641437294.688,10.254,31.250,189.941,-21.484,76.660
1641437294.692,0.977,30.762,26.367,-78.125,63.965
1641437294.696,30.762,34.668,-160.645,-20.996,49.316
1641437294.699,54.199,34.180,-68.359,60.059,58.105
1641437294.703,31.250,40.039,144.531,16.602,60.059
1641437294.707,0.488,35.645,106.445,-59.570,24.902
1641437294.711,13.672,34.668,-0.977,-17.090,4.883
1641437294.715,40.527,34.668,79.590,62.988,3.906
1641437294.732,28.320,26.855,252.930,56.641,14.648
1641437294.736,-2.441,24.902,116.211,-41.992,16.113
1641437294.740,5.371,24.902,-122.070,-56.641,-5.371
1641437294.744,36.621,24.414,8.789,38.574,-18.066
1641437294.748,32.227,26.367,198.242,69.336,0.977
1641437294.752,1.465,29.785,-34.180,-20.020,-7.812
1641437294.756,-0.488,32.715,-489.258,-65.430,-53.711
1641437294.759,28.320,30.762,-446.777,19.531,-33.691
1641437294.763,47.852,31.738,83.984,88.867,75.195
1641437294.767,23.438,31.250,41.016,25.879,48.340
1641437294.771,2.930,30.762,-211.914,-50.293,19.531
1641437294.775,22.461,31.250,-173.340,-10.254,30.273
1641437294.777,42.480,26.367,32.227,81.055,34.668
1641437294.781,20.020,27.832,10.254,59.570,113.281
1641437294.785,-4.395,34.668,-230.957,-33.203,85.449
1641437294.789,16.113,36.133,-182.617,-19.043,53.711
1641437294.793,44.922,37.598,-17.090,70.801,67.383
1641437294.797,41.016,36.621,-167.969,78.125,18.066
1641437294.801,10.254,31.738,-428.711,-17.090,-29.297
1641437294.804,12.695,31.738,-299.316,-37.598,-20.508
1641437294.808,46.387,33.203,-31.250,47.363,36.621
1641437294.812,53.711,32.715,-158.691,80.078,27.344
1641437294.816,21.484,33.203,-595.215,-8.789,-51.758
1641437294.820,7.812,41.016,-439.941,-48.340,-8.789
1641437294.821,36.621,46.387,-63.965,32.227,84.961
1641437294.825,55.664,48.340,41.504,89.844,63.477
1641437294.829,34.180,51.270,-9.766,27.832,69.336
1641437294.833,15.625,47.363,-168.945,-40.527,55.176
1641437294.837,35.156,44.434,-146.973,6.348,44.434
1641437294.841,59.082,43.945,-96.191,84.473,56.641
1641437294.845,44.922,36.621,-158.691,58.105,20.996
1641437294.848,11.230,39.062,-244.141,-36.621,12.207
1641437294.852,17.090,42.969,-289.551,-31.250,-18.555
1641437294.856,46.875,39.551,-434.570,52.734,-43.457
1641437294.860,40.039,38.574,-395.020,54.199,-12.695
1641437294.864,8.789,40.039,-114.746,-28.320,-35.645
1641437294.866,8.301,40.527,-203.125,-39.551,-44.434
1641437294.870,34.668,29.297,-128.906,49.805,10.254
1641437294.874,45.410,28.809,141.113,113.281,7.812
1641437294.878,21.973,43.945,82.520,54.688,-21.973
1641437294.882,9.277,41.992,-191.895,8.301,-68.848
1641437294.886,29.785,39.062,-260.254,79.590,-58.105
1641437294.890,43.457,34.668,-117.188,162.109,34.668
1641437294.893,16.113,30.273,83.496,113.281,82.520
1641437294.897,-12.695,32.227,-116.211,22.461,10.742
1641437294.901,0.977,32.715,-370.117,44.434,-20.020
1641437294.905,19.531,30.762,43.457,123.047,44.922
1641437294.909,12.207,27.344,255.859,113.281,40.039
1641437294.911,-13.184,27.344,-54.688,11.719,12.207
1641437294.915,-1.465,31.738,-140.625,8.789,-13.184
1641437294.919,44.922,37.109,150.879,83.984,-26.367
1641437294.923,45.898,35.645,262.207,92.285,20.020
1641437294.927,12.207,32.715,0.000,0.488,-1.465
1641437294.931,12.695,33.203,-242.676,-40.527,-48.340
1641437294.935,45.410,38.086,-127.441,53.223,-18.066
1641437294.938,53.711,38.574,28.320,111.328,26.367
1641437294.942,19.531,29.297,-252.930,40.527,-1.465
1641437294.946,2.930,29.785,-332.031,-11.230,-36.621
1641437294.950,34.180,37.598,100.098,53.711,26.367
1641437294.954,56.641,41.504,236.328,133.301,96.191
1641437294.957,32.715,46.875,212.402,92.285,94.238
1641437294.961,4.395,43.457,91.309,3.418,66.406
1641437294.965,19.531,34.668,125.000,31.250,65.918
1641437294.969,50.293,36.621,247.070,122.559,75.684
1641437294.973,38.574,38.086,202.637,116.211,76.172
1641437294.977,3.906,27.344,58.594,11.230,25.879
1641437294.981,8.789,25.879,-22.461,-5.859,9.277
1641437294.984,38.086,29.785,30.762,90.332,48.828
1641437294.988,37.598,28.809,47.363,117.188,85.449
1641437294.992,3.906,33.691,179.199,20.996,94.727
1641437294.996,-2.930,38.574,183.594,-33.691,110.352
1641437295.000,26.855,37.109,111.816,31.250,69.824
1641437295.002,39.551,34.180,141.602,87.402,29.785
1641437295.006,11.719,28.809,185.059,8.789,58.594
1641437295.010,-3.418,26.855,71.289,-65.918,83.984
1641437295.014,24.902,31.738,-111.816,-16.113,79.590
1641437295.018,51.270,33.203,-95.703,68.359,49.805
1641437295.022,32.227,30.273,-63.965,47.852,53.711
1641437295.026,9.277,30.273,-234.375,-41.016,29.297
1641437295.029,29.297,27.832,-537.598,-24.414,-4.883
1641437295.033,62.012,24.414,-501.953,67.871,20.996
1641437295.037,53.223,28.320,-2.930,86.914,65.430
1641437295.041,17.090,30.273,-37.598,1.465,50.293
1641437295.045,22.949,31.738,-231.445,-12.695,40.527
1641437295.076,52.246,30.762,-24.414,85.449,86.914
1641437295.080,55.176,30.762,152.344,114.746,94.238
1641437295.084,20.020,28.320,-10.742,23.926,81.055
1641437295.088,9.277,19.531,-225.586,-24.414,34.180
1641437295.092,40.039,20.020,-88.379,50.293,33.691
1641437295.096,56.152,28.320,12.695,113.281,56.641
1641437295.100,29.297,35.156,-227.539,53.711,59.570
1641437295.103,7.324,30.273,-347.168,-13.672,35.156
1641437295.107,25.879,26.855,-106.934,22.461,41.016
1641437295.111,47.363,26.855,108.398,88.379,76.660
1641437295.115,31.738,24.414,-61.523,65.430,71.289
1641437295.119,0.000,25.879,-403.320,-25.391,45.410
1641437295.091,9.277,28.809,-207.520,-21.484,49.805
1641437295.095,41.504,28.809,29.785,64.453,108.887
1641437295.099,37.598,25.391,29.785,83.984,99.609
1641437295.103,6.836,29.297,-70.801,3.418,59.082
1641437295.107,9.277,34.180,-128.418,-21.973,42.969
1641437295.111,37.109,31.250,-209.961,65.918,-0.488
1641437295.115,44.922,31.250,-151.855,112.793,33.691
1641437295.118,15.625,24.902,-22.461,28.809,61.035
1641437295.122,7.324,27.344,-91.309,-29.297,15.137
1641437295.126,36.621,39.551,-192.871,35.645,-9.766
1641437295.130,52.246,36.133,-133.789,112.793,14.160
1641437295.134,26.855,35.156,-35.156,65.430,29.297
1641437295.152,3.418,37.109,-15.137,-17.090,37.109
1641437295.156,27.344,37.109,-51.270,19.043,42.969
1641437295.160,56.152,39.551,-332.031,103.027,30.273
1641437295.164,41.992,38.086,-210.938,104.004,32.715
1641437295.168,10.742,37.109,75.195,23.438,41.992
1641437295.172,18.555,28.320,-203.125,25.879,-0.488
1641437295.176,54.688,25.879,-205.078,115.234,22.461
1641437295.179,57.129,32.715,202.637,133.789,102.539
1641437295.183,19.043,30.762,181.641,49.316,85.938
1641437295.187,14.648,32.715,-153.320,14.160,25.391
1641437295.191,40.039,34.668,-121.094,92.285,48.828
1641437295.195,48.828,38.574,159.668,134.277,63.965
1641437295.196,12.695,39.551,76.172,53.711,37.109
1641437295.200,-10.254,32.227,-178.711,-4.883,42.480
1641437295.204,21.973,38.086,-107.422,53.223,56.152
1641437295.208,40.039,39.551,165.527,126.465,94.238
1641437295.212,15.625,44.434,173.828,78.125,111.328
1641437295.216,-1.465,52.246,-165.527,-6.836,96.191
1641437295.220,10.742,44.922,-423.340,15.625,83.008
1641437295.223,27.832,43.945,-215.820,85.938,106.934
1641437295.227,13.672,46.387,-183.594,75.684,128.906
1641437295.231,-10.254,47.363,-729.004,-1.953,97.656
1641437295.235,7.812,44.922,-946.777,13.184,74.707
1641437295.239,34.668,47.363,-768.555,108.398,84.473
1641437295.241,36.133,54.688,-842.285,141.113,102.051
1641437295.245,-11.719,42.480,-972.168,60.547,107.422
1641437295.249,-35.156,28.809,-971.191,13.184,118.652
1641437295.253,11.719,42.480,-965.332,112.793,112.305
1641437295.257,19.531,47.852,-970.703,183.594,74.707
1641437295.261,-27.344,47.363,-969.727,101.562,77.637
1641437295.265,-47.363,52.246,-969.727,33.203,82.031
1641437295.268,-25.879,52.734,-969.727,81.055,65.430
1641437295.272,-1.953,58.105,-969.238,162.598,77.148
1641437295.276,-27.832,65.430,-969.238,144.043,122.070
1641437295.280,-59.082,65.430,-969.238,46.875,113.281
1641437295.284,-37.109,67.383,-969.727,54.199,43.457
1641437295.287,-12.207,72.266,-969.238,117.188,27.344
1641437295.291,-27.832,70.312,-969.727,111.816,77.637
1641437295.295,-60.547,68.848,-969.727,11.719,88.867
1641437295.299,-53.711,75.684,-969.238,-45.410,50.293
1641437295.303,-30.762,73.730,-969.238,17.090,66.406
1641437295.307,-32.227,71.777,-969.238,42.969,86.914
1641437295.311,-62.012,69.336,-970.215,-47.852,76.172
1641437295.314,-67.871,67.871,-963.379,-103.516,34.180
1641437295.318,-34.668,75.684,-980.957,-51.270,15.625
1641437295.322,-12.695,79.590,-924.805,-3.906,60.059
1641437295.326,-32.227,77.148,-796.875,-69.336,103.516
1641437295.330,-48.340,74.707,-880.371,-136.719,71.289
1641437295.332,-26.367,62.012,-860.352,-83.496,73.242
1641437295.336,-3.906,49.316,-553.711,-8.301,115.723
1641437295.340,-9.766,49.316,-377.930,-24.902,106.934
1641437295.344,-26.367,48.340,-570.801,-106.934,86.914
1641437295.348,-11.230,46.875,-608.398,-92.773,114.746
1641437295.352,27.344,44.922,-374.512,3.906,130.371
1641437295.356,28.809,45.898,-147.461,16.602,128.418
1641437295.359,-2.441,39.062,-166.016,-64.453,101.562
1641437295.363,2.930,30.273,-395.996,-91.309,23.926
1641437295.367,40.527,32.227,40.039,-1.465,44.434
1641437295.371,52.246,22.461,488.281,55.176,90.820
1641437295.375,18.066,12.695,397.461,-21.484,72.266
1641437295.392,6.836,23.438,312.012,-83.984,57.129
1641437295.396,42.969,31.250,490.234,-33.203,22.461
1641437295.400,61.035,22.949,756.836,37.598,17.578
1641437295.404,35.156,16.113,711.914,-10.742,53.223
1641437295.408,10.254,19.531,596.680,-92.285,24.902
1641437295.412,25.391,20.508,636.719,-59.082,-1.953
1641437295.416,54.688,17.090,748.047,29.297,27.832
1641437295.419,46.387,16.113,695.801,35.156,40.039
1641437295.423,12.695,9.277,688.965,-59.570,12.695
1641437295.427,24.902,1.953,965.820,-67.383,-7.812
1641437295.431,64.453,4.883,-997.559,32.715,7.812
1641437295.435,66.895,7.324,993.652,64.941,45.410
1641437295.422,33.203,3.906,999.023,-12.695,14.648
1641437295.426,34.180,8.789,-999.023,-41.992,-1.465
1641437295.430,69.336,13.184,995.117,42.969,53.223
1641437295.434,80.078,8.789,990.723,87.891,73.242
1641437295.438,44.922,4.883,-999.512,8.301,47.852
1641437295.442,27.344,4.395,986.816,-58.105,-0.488
1641437295.446,57.617,7.324,933.105,-4.883,-50.293
1641437295.449,77.148,4.883,961.426,74.707,-39.062
1641437295.453,59.082,-0.488,999.512,39.551,6.348
1641437295.457,35.156,-1.953,-979.492,-34.668,-22.949
1641437295.461,44.434,5.859,906.250,7.812,-57.129
1641437295.465,79.590,11.230,856.445,102.539,-36.621
1641437295.466,77.148,14.648,-991.211,108.887,-22.949
1641437295.470,43.457,15.137,-997.559,15.137,-42.969
1641437295.474,48.340,17.578,974.121,-3.418,-74.219
1641437295.478,81.543,20.020,980.957,87.891,-84.473
1641437295.482,85.449,20.020,-993.652,115.723,-26.367
1641437295.486,48.340,21.973,972.168,24.414,-15.625
1641437295.490,35.645,23.438,613.281,-30.762,-82.520
1641437295.493,64.941,21.973,626.953,42.969,-45.410
1641437295.497,78.125,23.438,-982.422,107.910,-1.465
1641437295.501,47.852,21.973,992.188,46.387,-1.465
1641437295.505,27.832,15.137,955.566,-9.277,-4.883
1641437295.509,54.688,19.531,996.582,34.180,-0.488
1641437295.526,83.496,32.715,-994.141,111.328,50.293
1641437295.530,69.824,35.645,977.051,95.215,55.176
1641437295.534,35.156,28.320,912.598,-5.371,44.434
1641437295.538,39.062,27.832,850.586,-3.906,-0.488
1641437295.542,73.242,30.762,937.988,83.496,-31.250
1641437295.546,71.289,35.156,821.289,97.656,-10.742
1641437295.550,32.715,33.691,519.043,7.812,-24.414
1641437295.553,30.762,26.855,583.496,-14.160,-49.316
1641437295.557,65.918,22.461,820.801,73.730,-52.734
1641437295.561,69.336,28.809,778.320,114.258,-24.902
1641437295.565,32.227,33.203,573.730,35.645,-24.414
1641437295.569,18.066,34.180,535.156,-18.555,-61.523
1641437295.571,38.086,32.715,624.512,43.457,-28.320
1641437295.575,50.781,28.809,627.930,111.328,16.113
1641437295.579,26.367,27.344,596.191,52.734,3.418
1641437295.583,6.348,27.832,548.828,-29.297,-19.043
1641437295.587,28.809,25.879,519.531,23.926,-0.488
1641437295.591,53.711,21.973,529.785,101.562,22.949
1641437295.595,33.203,22.949,506.836,64.941,45.410
1641437295.598,1.465,18.066,412.598,-40.039,56.152
1641437295.602,14.648,20.508,232.910,-48.828,20.996
1641437295.606,45.410,32.227,237.305,43.945,39.062
1641437295.610,39.062,32.227,387.695,66.895,80.566
1641437295.614,7.812,26.855,389.648,-17.090,79.590
1641437295.616,12.207,26.855,221.191,-43.457,52.246
1641437295.620,47.363,29.785,-98.145,40.527,-8.301
1641437295.624,60.059,30.273,122.070,91.309,33.203
1641437295.628,30.273,31.738,395.996,22.461,39.062
1641437295.632,15.137,33.203,122.559,-28.809,10.254
1641437295.636,40.039,28.320,-17.578,37.598,28.320
1641437295.640,59.082,22.949,152.832,120.117,41.992
1641437295.643,34.668,20.508,339.844,69.824,51.758
1641437295.647,4.883,21.484,41.504,-27.832,-4.883
1641437295.651,19.531,26.367,-185.059,-6.348,-30.762
1641437295.655,50.293,35.156,114.746,69.824,-33.691
1641437295.659,48.828,40.039,226.562,67.871,-42.480
1641437295.662,13.184,34.668,20.020,-22.949,-72.266
1641437295.666,13.184,33.691,-50.293,-35.645,-98.633
1641437295.670,49.805,36.133,221.191,64.941,-57.129
1641437295.674,46.875,34.180,281.738,92.285,-49.316
1641437295.678,7.324,39.062,99.121,-3.418,-60.059
1641437295.682,2.441,35.156,-145.020,-49.805,-66.895
1641437295.686,31.738,33.203,-82.520,24.414,-39.062
1641437295.689,45.410,37.598,229.004,84.961,-9.277
1641437295.693,13.672,31.250,-139.160,1.953,-57.617
1641437295.697,-8.789,27.344,-354.980,-71.289,-69.824
1641437295.701,19.043,30.762,0.000,-8.301,-44.922
1641437295.705,47.363,28.320,29.785,69.824,-54.199
